

0.015055024
0.016174902
0.016844563
0.015218976
0.014860512
0.015623845
0.015553948
0.015088228
0.015487146
0.015641899
0.014939384
0.015275847
0.985100677
0.015642473
0.015415994
0.015800131
0.014947604
0.015145283
0.014974802
0.015914867
0.015134976
0.015057418
0.015179137
0.015006497
0.014910724
0.014936964
0.015829077
0.014930193
0.014979773
0.014929211
0.015004685
0.014939377
0.015475853
0.015680422
0.015883615
0.015559727
0.014866858
0.015210869
0.015434372
0.015754233
0.015412320
0.015801712
0.014941933
0.014957919
0.014991036
0.014997972
0.014989087
0.014861292
0.015161460
0.015532794
0.014934271
0.014956413
0.014966422
0.014871495
0.016313787
0.016471615
0.016737665
0.016424709
0.014942224
0.014872839
0.030230859
0.015494318
0.015654215
0.014932547
0.014950486
0.014920543
0.015486107
0.015461404
0.014851532
0.014938943
0.015086550
0.016021345
0.015381707
0.014966184
0.014868912
0.015002022
0.014979640
0.985158350
0.016422637
0.015009346
0.015220889
0.015328739
0.014974592
0.015209636
0.014931558
0.014938683
0.015264929
0.014903196
0.015531524
0.014955262
0.015417880
0.015059796
0.015011710
0.015239312
0.014867242
0.014999580
0.014975619
0.014996479
0.015765533
0.014910431
0.014913585
0.015335081
0.014932929
0.015017323
0.015687621
0.015395910
0.014946271
0.015225401
0.015085017
0.014961032
0.014890200
0.015341047
0.015291089
0.015016213
0.030691952
0.014970938
0.015600322
0.016165004
0.015075977
0.015631451
0.015102807
0.014847183
0.014867014
0.015158186
0.015012420
0.030070144
0.014982084
0.031715801
0.015074901
0.015389140
0.016650758
0.017341369
0.030904328
0.015154599
0.015753493
0.017524408
0.016437765
0.983511816
0.033050069
0.030512750
0.017165318
0.014997759
0.016295112
0.033067169
0.014863117
0.014945151
0.016017822
0.016064339
0.016116085
0.032179515
0.015949360
0.014858262
0.015090117
0.016489103
0.016295827
0.014908630
0.015256471
0.015016190
0.029757914
0.014966394
0.015295497
0.016921620
0.016754149
0.016676066
0.014943215
0.015774917
0.014894641
0.014952485
0.015143383
0.016034273
0.015405144
0.015315274
0.014868778
0.018622678
0.015470251
0.015077244
0.015125214
0.014850921
0.015776160
0.015682548
0.016131580
0.015246530
0.015573998
0.015319503
0.014933869
0.014861132
0.015083497
0.014979163
0.015606249
0.014859673
0.014995343
0.015339971
0.015591925
0.014942837
0.014969565
0.015513231
0.984392898
0.031711437
0.015434756
0.016959499
0.014900889
0.015040109
0.015921273
0.014865514
0.015157808
0.014966463
0.015158086
0.014975415
0.015111231
0.015298632
0.014915570
0.015289331
0.014914131
0.015004796
0.015067053
0.015884435
0.015642027
0.015876793
0.015279610
0.015084787
0.015016380
0.016151098
0.015072642
0.014948597
0.014963970
0.015019096
0.014929427
0.036859756
0.016544349
0.017191594
0.016971422
0.014924092
0.029835505
0.016131995
0.014956181
0.015000467
0.015666410
0.015080754
0.016096167
0.030889629
0.014935421
0.014913084
0.015921286
0.016161903
0.014919309
0.015463630
0.014870233
0.014908546
0.015028554
0.014987107
0.015059606
0.015170440
0.014917157
0.015243190
0.015563057
0.015117678
0.015062973
0.985036880
0.014877788
0.015750722
0.015491105
0.015317385
0.015163733
0.014886664
0.014874052
0.015453016
0.014979665
0.015720365
0.015025145
0.014945387
0.015661224
0.014857147
0.015489581
0.015541895
0.015513200
0.015066033
0.014927463
0.014998734
0.015292159
0.015656669
0.014898582
0.015305266
0.014905005
0.015158696
0.015583895
0.015232710
0.014909603
0.014898938
0.014954646
0.016049128
0.014850217
0.015743453
0.014862092
0.015313591
0.015048270
0.015154478
0.016036952
0.015055324
0.015095907
0.015131376
0.014949277
0.014945659
0.014858869
0.015157740
0.015656614
0.014934984
0.016051010
0.015071655
0.014956645
0.014969313
0.015191153
0.015572908
0.014898688
0.015131880
0.021697802
0.015036009
0.015383320
0.015498727
0.015212819
0.015170503
0.014910157
0.014914165
0.985072310
0.016036057
0.015081237
0.015053478
0.015347871
0.015113321
0.015432526
0.015271101
0.014972035
0.014938805
0.015336940
0.015003499
0.015145414
0.014941338
0.014996040
0.015045408
0.015087610
0.014933125
0.014927344
0.015903985
0.015449365
0.015529477
0.014933338
0.014852068
0.015588378
0.015504093
0.030572307
0.014963399
0.015059403
0.015026550
0.015665947
0.015059580
0.014934473
0.015107419
0.015673225
0.014951814
0.015856505
0.014931673
0.015566684
0.015634996
0.015004525
0.030721466
0.014953043
0.015165309
0.016395604
0.014887370
0.015607151
0.014946977
0.014928858
0.015405724
0.015937591
0.015229325
0.014910922
0.015690413
0.014953395
0.014997309
0.015879771
0.015568377
0.014986919
0.014894871
0.015207840
0.015640798
0.014978608
0.984531553
0.016087322
0.014888651
0.014977759
0.015578765
0.014963087
0.014988168
0.014872051
0.014947240
0.015113607
0.014859615
0.014942040
0.015575132
0.015557393
0.014982820
0.015540383
0.014881733
0.015881349
0.015348700
0.015463998
0.015591979
0.015632526
0.014890466
0.014876830
0.015857158
0.016395340
0.014882111
0.015572903
0.014940079
0.015380262
0.014926350
0.015400989
0.015680172
0.015052021
0.015149937
0.015168450
0.015084014
0.015623486
0.015540193
0.015465675
0.014896917
0.015123846
0.015105971
0.014989245
0.015459042
0.015134912
0.015037326
0.015484712
0.014907877
0.014947574
0.015606277
0.014874331
0.015438118
0.015674231
0.015316470
0.014896387
0.014887203
0.015587841
0.015357058
0.014976732
0.014903373
0.015125831
0.015960427
0.014960638
0.015587130
0.014989655
0.985058132
0.016664307
0.017633669
0.014961838
0.015496493
0.015084921
0.015005179
0.015030401
0.015334917
0.015140905
0.014951746
0.015520759
0.014983520
0.030411240
0.014956825
0.015508951
0.014908537
0.015052270
0.015180876
0.015104527
0.015062933
0.016111650
0.015501357
0.015640383
0.014963332
0.014971747
0.015430214
0.015157699
0.015105035
0.014905380
0.015435978
0.014868484
0.015123897
0.014886082
0.014939672
0.014884979
0.015810362
0.015375544
0.015252320
0.014984007
0.014997804
0.015031486
0.015017554
0.015050414
0.015396730
0.015456932
0.015646120
0.014954884
0.014959633
0.015068538
0.015676596
0.015305717
0.015608335
0.015155437
0.015742890
0.015004420
0.015068124
0.015022473
0.014968381
0.014924585
0.015223255
0.015615561
0.015359634
0.014887360
0.014939796
0.984805661
0.015379412
0.014958778
0.014855127
0.015280450
0.015825953
0.015125292
0.016181230
0.015404065
0.014877793
0.014937202
0.015662683
0.015174725
0.015138420
0.014857097
0.015258442
0.014884263
0.015048945
0.015347652
0.015569539
0.015055437
0.015914980
0.015538487
0.015628390
0.014935458
0.014976112
0.029810725
0.014955183
0.014901491
0.014942773
0.015070226
0.015224709
0.015260824
0.014909605
0.014913937
0.015531168
0.015630981
0.015204826
0.014921630
0.015455521
0.015590247
0.015576997
0.015016680
0.015651961
0.030695841
0.015469541
0.014912497
0.015420525
0.015604432
0.014877939
0.015289267
0.015054183
0.015158946
0.015140821
0.015163261
0.015674976
0.015198187
0.015201187
0.015453578
0.015434489
0.014980524
0.015031783
0.014897930
0.985072655
0.015188265
0.015085678
0.015111546
0.015033840
0.015552980
0.016019354
0.014845365
0.014874280
0.015514717
0.014938096
0.014889524
0.015109316
0.015406100
0.015624283
0.014956407
0.015934184
0.014980810
0.015007526
0.018525875
0.015575570
0.015651831
0.014876175
0.015028206
0.015138166
0.015440613
0.015018110
0.015156545
0.015785207
0.015553358
0.014895545
0.015096823
0.014897654
0.015088725
0.015109559
0.015058391
0.015265018
0.015699821
0.014960993
0.015291403
0.015238115
0.014937160
0.015644504

1657718146.445583558
0.015582669
0.016658972
0.030300271
0.014925136
0.015357315
0.014992229
0.030225325
0.015115662
0.015072460
0.016492879
0.016807217
0.031689846
0.015508352
0.015824974
0.014915372
0.014861296
0.015304813
0.014887434
0.015592902
0.014885501
0.014934040
0.015394607
0.014978922
0.015662824
0.015566190
0.014940892
0.016009145
0.015424665
0.015547703
0.014972932
0.015093636
0.015035406
0.014995926
0.984685306
0.015389140
0.019732763
0.016169374
0.016529168
0.016522981
0.014860358
0.014904008
0.014898527
0.015029359
0.015507021
0.015963926
0.015606238
0.015156264
0.014896228
0.015800342
0.015563146
0.015634408
0.014911232
0.015393877
0.015078648
0.015292944
0.015887268
0.015142580
0.015343763
0.014949532
0.014964024
0.015279349
0.014935443
0.015307800
0.014917478
0.015041628
0.015893138
0.014882059
0.015244042
0.014973967
0.015613288
0.014925194
0.015239937
0.032822975
0.029832721
0.014941841
0.016153890
0.024494477
0.016924365
0.019356360
0.014962780
0.015208616
0.015488350
0.015992995
0.015378000
0.014939509
0.014871103
0.015545347
0.014960678
0.015187283
0.015320582
0.014867434
0.015236584
0.014874184
0.015492619
0.966000250
0.014982873
0.015762196
0.015749378
0.014908012
0.015362012
0.015064114
0.015075688
0.014981132
0.014871360
0.015453986
0.015023711
0.015295097
0.014899373
0.014934627
0.014946328
0.014947845
0.016266774
0.016348097
0.016702060
0.016156842
0.015209026
0.014943427
0.015016841
0.015226171
0.014854872
0.015506636
0.015673339
0.030159318
0.015783981
0.015130301
0.015748767
0.014875605
0.014885585
0.015196139
0.015467125
0.015338177
0.015853578
0.014900979
0.014920133
0.014936380
0.015117020
0.014984949
0.015032597
0.015788116
0.015068837
0.015604074
0.015411631
0.030227569
0.017028767
0.014968836
0.015124427
0.015761996
0.015219538
0.015745954
0.014956260
0.015036311
0.014940324
0.015746261
0.015719003
0.015534509
0.014950283
0.015507079
0.985048228
0.015395687
0.015056065
0.015547724
0.014943684
0.015130665
0.014887730
0.015311814
0.016011012
0.014876603
0.015459230
0.016198363
0.014952115
0.015955235
0.015177613
0.015070566
0.014888783
0.015099495
0.015504256
0.015713124
0.015498111
0.015407291
0.015026422
0.015496859
0.016008759
0.015310400
0.015024163
0.015004912
0.015211425
0.015683303
0.015697968
0.014893784
0.015796505
0.014877454
0.014956409
0.015273702
0.015560381
0.014947520
0.015306585
0.014936507
0.015246715
0.015019149
0.015304793
0.015140943
0.015003608
0.015023718
0.015565108
0.015259104
0.017223580
0.017294939
0.015149705
0.015319701
0.030025127
0.032365972
0.017657996
0.017040101
0.015449795
0.015587715
0.015487665
0.015865471
0.031849838
0.982757822
0.016852227
0.016192675
0.015211723
0.015065820
0.014831424
0.015151621
0.015950590
0.015009230
0.015825855
0.015090014
0.015149602
0.014912344
0.014859712
0.015632517
0.014936179
0.015556408
0.015667088
0.015128014
0.015651527
0.015348821
0.015001609
0.015060656
0.014901645
0.029906575
0.017353571
0.015675203
0.015606893
0.029843955
0.015168541
0.015645680
0.015342653
0.015639926
0.014963123
0.030114342
0.015575306
0.015190186
0.015327013
0.015448155
0.014999456
0.016610785
0.017483802
0.014911035
0.015466924
0.014923522
0.015451837
0.015568671
0.015757104
0.015698378
0.032864040
0.014996890
0.014979221
0.016025869
0.034411416
0.015240170
0.014948073
0.015215925
0.016189545
0.016209724
0.983643572
0.032627135
0.015076727
0.014947742
0.016568526
0.016835653
0.016413658
0.016170034
0.016120349
0.020375570
0.033206150
0.014892370
0.015149682
0.016676212
0.016799730
0.017146826
0.014987258
0.016102187
0.016111477
0.016371971
0.016323421
0.033310876
0.015011001
0.015125471
0.017630662
0.016559227
0.016752366
0.034155177
0.015161415
0.015415342
0.015256016
0.018828288
0.034072086
0.036310417
0.014992946
0.015483461
0.016941401
0.033552161
0.030867441
0.015219526
0.015290730
0.019273216
0.015356838
0.016650312
0.016720576
0.016429957
0.015408030
0.014859888
0.015087738
0.015108814
0.014854169
0.014868424
0.015312423
0.015590557
0.984721200
0.015088382
0.015563200
0.014987169
0.015625767
0.015347923
0.015471459
0.015040644
0.015286525
0.014927811
0.015387379
0.015534061
0.014987175
0.015049939
0.014873040
0.015637859
0.014982698
0.015207993
0.015650040
0.015071765
0.030022244
0.014960125
0.015323153
0.017113653
0.014987459
0.015222655
0.030290897
0.015402694
0.015187165
0.015179114
0.015109857
0.015242304
0.015575603
0.015195483
0.015041460
0.014852356
0.014927762
0.015021562
0.014920765
0.015002350
0.015528783
0.015258817
0.015067171
0.014946870
0.015485971
0.015490616
0.014902066
0.015605654
0.015296780
0.015074885
0.015578486
0.015432535
0.015091474
0.015291451
0.014874774
0.015769158
0.015435864
0.016289353
0.015343714
0.016368459
0.017504447
0.015081785
0.017041037
0.984968634
0.015323876
0.015156400
0.015212323
0.015479328
0.014928153
0.015458588
0.014958028
0.015716700
0.014934402
0.014965288
0.015412065
0.016372218
0.015091152
0.015079406
0.014888626
0.014863375
0.015400602
0.015544018
0.015758453
0.015647534
0.014988091
0.015061561
0.015927096
0.014904823
0.015394296
0.015002430
0.014968457
0.014861548
0.014841906
0.015320213
0.015505214
0.015178812
0.030038977
0.015710003
0.014969199
0.014987766
0.015257284
0.015061108
0.014897925
0.014906961
0.015708112
0.014989517
0.015064869
0.015781151
0.015471070
0.015011030
0.015370802
0.015906877
0.014928273
0.015127714
0.015053012
0.014970408
0.015571482
0.014954523
0.016323401
0.016838429
0.014954350
0.014938065
0.014904794
0.015125549
0.015010170
0.016091542
0.015036946
0.014967382
0.984999935
0.015864834
0.015527452
0.015455834
0.014975380
0.015058441
0.031324443
0.015409287
0.015038163
0.014934915
0.015494678
0.015527803
0.015687126
0.015759554
0.015613508
0.015028302
0.014874971
0.015392850
0.014925442
0.015474179
0.015051216
0.015176146
0.014906444
0.015355520
0.014920857
0.015403392
0.014972490
0.014907569
0.015286525
0.015541787
0.014978456
0.014911796
0.015249391
0.015390671
0.015705314
0.015654221
0.015221670
0.015379032
0.015214432
0.015637552
0.015818904
0.015477026
0.015124517
0.015002901
0.014994254
0.015590431
0.014933775
0.014963873
0.015036022
0.015012490
0.015351599
0.015597580
0.014855863
0.014855328
0.015447875
0.015815215
0.015037949
0.015030920
0.014921539
0.014908502
0.014895326
0.015326128
0.015632357
0.014839681
0.984948558
0.015194965
0.014996410
0.015060520
0.015180115
0.015321759
0.015583848
0.014887312
0.014899254
0.015154097
0.014985335
0.016311153
0.015733644
0.015549580
0.014932514
0.014901799
0.015026574
0.015020660
0.014880832
0.015009447
0.015417897
0.015020636
0.015316067
0.015219186
0.014951400
0.015632436
0.014895775
0.015540486
0.014902619
0.015015926
0.015211039
0.015668854
0.015011869
0.014913007
0.015199125
0.015782783
0.015056249
0.014970243
0.014924607
0.015176668
0.015294476
0.015692389
0.014932866
0.014861841
0.015246700
0.015553639
0.015735224
0.015664483
0.015613156
0.015579890
0.015105174
0.014959980
0.015010589
0.015817654
0.015342628
0.015654953
0.014882915
0.015904751
0.014868253
0.030599407
0.016697123
0.015671205
0.015055355
0.014994958
0.015060288
0.984819385
0.015156572
0.014978798
0.014976589
0.015350418
0.015517797
0.014937527
0.014888005
0.015577769
0.015889823
0.015575925
0.015629755
0.014898076
0.014962918
0.015264707
0.014908230
0.015576193
0.015790695
0.015275018
0.015104202
0.015124291
0.015719028
0.015517690
0.015795325
0.015470332
0.015720666
0.015507991
0.015645446
0.015828014
0.014866317
0.015317080
0.014922044
0.015275335
0.015738662
0.014977766
0.015453466
0.015988815
0.014941022
0.015200372
0.014888401
0.015169221
0.015108848
0.015000953
0.015285340
0.030846275
0.015555120
0.014811442
0.015337869
0.014975809
0.015435830
0.014982465
0.015395146
0.014940850
0.015246878
0.014931380
0.015549114
0.015482048
0.014976524
0.015338971
0.014868795
0.015019248
0.015238374
0.015680100
0.015718352
0.984808599
0.015174532
0.014985425
0.015105799
0.015837173
0.014955583
0.014953089
0.014976438
0.015376298
0.015070499
0.014855929
0.015731374
0.015350350
0.015670421
0.014932978
0.015425821
0.014948447
0.014893411
0.015663616
0.015641970
0.014998526
0.014924875
0.016045652
0.015010269
0.015098404
0.016002520
0.015487380
0.015027040
0.015128099
0.015257960
0.014920729
0.015168633
0.015062739
0.015401497
0.015144235
0.014855081
0.015491623
0.014902749
0.015134360
0.014971640
0.015624730
0.014941192
0.015104783
0.015184486
0.015732404
0.015321416
0.015573317
0.014917095
0.015187163
0.014912033
0.014986962
0.015222778
0.014944468
0.015341110
0.014929595
0.015433543
0.015023333
0.014923392
0.015087750
0.014869082
0.014983297
0.015081854
0.015333492
0.015619044
0.014965486
0.015030997
0.984888043
0.015538771
0.015522375
0.015668534
0.015152096
0.015028827
0.014916874
0.015536678
0.015595802
0.015483342
0.015353389
0.015387301
0.014920167
0.015788539
0.015356573
0.014930944
0.015069136
0.014994888
0.015327613
0.015041280
0.015148770
0.015502636
0.015118622
0.016041246
0.015270007
0.030767289
0.015028100
0.014983095
0.015098084
0.015458876
0.014853100
0.014908404
0.015451688
0.014941712
0.015344970
0.015053446
0.014926122
0.015288171
0.015061487
0.015186147
0.015083111
0.015016711
0.014978525
0.015517476
0.015658246
0.015530886
0.015563148
0.015035447
0.015454783
0.015798049
0.015149131
0.015411100
0.015125155
0.014907589
0.015599560
0.015232838
0.015064527
0.015675840
0.014887180
0.015283289
0.014878555
0.015351008
0.015056363
0.014992045
0.015735824
0.984217372
0.015573139
0.015617916
0.015481697
0.015787321
0.015643344
0.014889995
0.015448513
0.015430938
0.015697814
0.015081414
0.014880142
0.014921356
0.015770632
0.015545149
0.014889919
0.015344744
0.014937909
0.015821421
0.015051928
0.015115188
0.015780211
0.015470682
0.014971466
0.015102792
0.015872513
0.015060899
0.014891211
0.015600921
0.014930867
0.015343505
0.015668221
0.015628909
0.030499992
0.014966509
0.014993211
0.014932243
0.015061970
0.015012530
0.015519065
0.014874727
0.015438587
0.014914856
0.015539176
0.015723085
0.015531445
0.015506224
0.015484069
0.014960343
0.015559276
0.014867245
0.015192297
0.014888834
0.014844310
0.014833857
0.014982293
0.014975593
0.015556130
0.015014727
0.015369418
0.015729777
0.016533329
0.015269167
0.015104229
0.984612560
0.016651576
0.016667226
0.015664682
0.015474223
0.014942191
0.014915613
0.015699340
0.016342671
0.016468305
0.014944421
0.014889425
0.015055803
0.014875546
0.015186214
0.015864075
0.015647120
0.015480712
0.031297520
0.018232265
0.015713566
0.015552410
0.015397052
0.014966343
0.014896380
0.015095853
0.014954707
0.015977737
0.015340984
0.015473278
0.015003941
0.015050222
0.015400087
0.015117052
0.014998620
0.015216671
0.015232158
0.015679900
0.015643625
0.015138321
0.015696882
0.014883020
0.015282970
0.015106887
0.015624486
0.014959399
0.015427817
0.016280613
0.015071342
0.015101321
0.016211250
0.015018806
0.014867231
0.014994124
0.015558489
0.015256215
0.014902482
0.015572672
0.015708561
0.015153277
0.015312249
0.015099379
0.014946517
0.015599623
0.984229300
0.015001440
0.015181268
0.015364605
0.015865571
0.015385701
0.015660000
0.015617325
0.014929883
0.015099054
0.015801460
0.015605991
0.015491193
0.015030407
0.014943139
0.015398290
0.015566720
0.015692414
0.015537832
0.015590244
0.015124865
0.014997572
0.015110646
0.015352466
0.015870386
0.015039766
0.015199869
0.015065585
0.015176125
0.015002954
0.015720000
0.014873649
0.015372602
0.014960417
0.015793079
0.015448744
0.015409192
0.014900375
0.015566265
0.015922227
0.015016527
0.015259118
0.015670580
0.015014723
0.014868245
0.015584706
0.015493610
0.015533584
0.015662234
0.015595095
0.015600977
0.014898749
0.031803229
0.014899388
0.015001676
0.015052904
0.014930230
0.015575706
0.015044232
0.015075791
0.030277085
0.014951083
0.015654682
0.984176115
0.015336764
0.014964688
0.015347827
0.015021906
0.015069431
0.015079360
0.015140796
0.014937982
0.015612343
0.014908993
0.014946533
0.014920312
0.015713386
0.015938588
0.015393192
0.015571830
0.015380928
0.014942771
0.015711762
0.015344834
0.014924879
0.015397451
0.015495273
0.015016555
0.015265498
0.015637670
0.014921657
0.015413414
0.015700061
0.015456882
0.014912849
0.015224093
0.014993922
0.015978637
0.015536941
0.014865297
0.015357965
0.014873443
0.015363649
0.015743036
0.016032329
0.014893219
0.015217608
0.015736642
0.015310800
0.015564133
0.016000563
0.015133419
0.015159012
0.015097784
0.015156485
0.015252746
0.016404552
0.015181169
0.016040596
0.015290390
0.014872599
0.014991476
0.015397133
0.015491213
0.015772279
0.014885855
0.015221505
0.015128851
0.984720457
0.015637251
0.015927162
0.014884533
0.015214752
0.015773394
0.015510541
0.015477211
0.015466768
0.015866633
0.014921311
0.015112169
0.015701592
0.015445226
0.015624808
0.015296538
0.015671628
0.015559981
0.014966122
0.015671011
0.014857561
0.015298574
0.015018674
0.014941091
0.015058069
0.015765369
0.015371246
0.015858868
0.015509159
0.014967421
0.015440250
0.015661999
0.015624258
0.014980567
0.015107082
0.015120151
0.015447396
0.015445630
0.015688310
0.015547664
0.014882083
0.015952147
0.014859685
0.015529173
0.014890817
0.015091603
0.015083298
0.014898586
0.015217963
0.014921753
0.015394270
0.015069542
0.015208724
0.016376472
0.019637608
0.016217266
0.016428924
0.016574384
0.016400073
0.014888083
0.015212853
0.015073826
0.014982624
0.015134458
0.015309859
0.984228270
0.015391610
0.014994658
0.015355459
0.015017704
0.015188948
0.015609747
0.014894999
0.014990999
0.014935004
0.014985145
0.015623861
0.015645044
0.015372931
0.015855805
0.015053723
0.015019905
0.014910325
0.015163989
0.015089716
0.015249072
0.016695165
0.015076719
0.015371637
0.015491251
0.016029792
0.014870245
0.015027215
0.015063230
0.015190240
0.015657210
0.015590214
0.014867822
0.014844484
0.015218897
0.015658968
0.014898358
0.015360859
0.017948687
0.015548281
0.014959419
0.015574044
0.015180241
0.015180287
0.015027327
0.015561996
0.015283599
0.015096245
0.015563326
0.015788034
0.015432821
0.015065612
0.015291370
0.017861395
0.015233734
0.015644069
0.015618113
0.015019037
0.015027442
0.015017971
0.015596820
0.015008733
0.014885128
0.015270828
0.015502195
0.984105654
0.015526544
0.015477271
0.015413190
0.014876455
0.015720423
0.014888145
0.015292120
0.014980171
0.014883315
0.015069965
0.015637831
0.015884346
0.015516189
0.014897915
0.015204988
0.015827778
0.014837267
0.015447164
0.015460252
0.015751466
0.029926753
0.014969049
0.014962783
0.015678623
0.014927323
0.015175218
0.014854177
0.014863489
0.017894459
0.015956634
0.014861991
0.015304439
0.015205104
0.015788860
0.014977876
0.014948290
0.014967156
0.029687785
0.014992650
0.015214649
0.015043459
0.015288783
0.014925842
0.015296391
0.015036160
0.015445726
0.015469767
0.014982123
0.015251226
0.015084018
0.015015297
0.015726923
0.015700588
0.014993180
0.030305524
0.015372928
0.014980597
0.014894075
0.014981558
0.014982950
0.015416004
0.984356904
0.015797193
0.015200875
0.014850227
0.015573719
0.014863178
0.015500617
0.015487250
0.015619894
0.015247862
0.015881881
0.015455293
0.014967334
0.015642129
0.014923851
0.015038748
0.014878277
0.014949804
0.015075075
0.014952925
0.015265779
0.014949118
0.015736318
0.014854491
0.015213459
0.015957957
0.015357283
0.014921079
0.015510869
0.014894179
0.022643860
0.014955501
0.016233232
0.015393939
0.015641366
0.015649586
0.015340991
0.030089707
0.015034911
0.015635022
0.015542961
0.015024559
0.015141416
0.022500387
0.014974267
0.015230972
0.014970610
0.015238075
0.014954735
0.014954262
0.015349522
0.015471539
0.014830055
0.015342806
0.014944416
0.015897110
0.015463459
0.014957366
0.015071372
0.014874313
0.015298741
0.015092233
0.015040364
0.015817177
0.984358450
0.014966977
0.015102361
0.014897221
0.014981561
0.015009404
0.016112019
0.015336972
0.016074285
0.015267665
0.015012907
0.015341872
0.014918010
0.014995057
0.015117417
0.014991999
0.015172393
0.014965966
0.015336039
0.015458409
0.014892310
0.014881543
0.015255201
0.014884765
0.015281718
0.015115676
0.015573142
0.015602883
0.015585271
0.014892172
0.015053165
0.014950477
0.015597848
0.015288907
0.014924701
0.014912633
0.014918504
0.015032207
0.015002921
0.015003161
0.015096142
0.015279680
0.015687819
0.015449659
0.015633422
0.015649936
0.015134743
0.014980817
0.015063812
0.014840880
0.014918232
0.014895921
0.015585505
0.015749634
0.015671017
0.015134903
0.015575434
0.014951708
0.015197029
0.015669758
0.015032967
0.015211708
0.015039584
0.015065316
0.014916853
0.015694159
0.985030157
0.014899346
0.014920576
0.014935984
0.015687399
0.015748600
0.014999540
0.014967291
0.015137567
0.031114139
0.015125167
0.015219026
0.015626583
0.015877683
0.015077639
0.014979506
0.015342740
0.014994962
0.015241446
0.014953782
0.014983054
0.015128722
0.015672079
0.015514828
0.014945463
0.015557024
0.015628593
0.015072217
0.015275843
0.015078806
0.015077102
0.015344947
0.015623326
0.015083794
0.015402755
0.015954514
0.015101186
0.015035595
0.015790193
0.014910676
0.015289624
0.015882374
0.014874800
0.015014784
0.014882065
0.015637053
0.015462455
0.016436177
0.015965548
0.015885843
0.015472824
0.014875614
0.015619633
0.014999918
0.014948615
0.015466276
0.015462004
0.015013711
0.014973443
0.014956504
0.014946058
0.015336476
0.014885694
0.015372892
0.984232515
0.015546670
0.015045301
0.015032008
0.014888666
0.015633538
0.015559419
0.015542052
0.014979557
0.014918254
0.015004138
0.014880966
0.015638364
0.015536939
0.014890463
0.014871968
0.015186188
0.015101671
0.015174961
0.015074130
0.015156510
0.015587817
0.014972454
0.015303388
0.014985210
0.015322752
0.015450616
0.017781615
0.015108740
0.015239859
0.015594369
0.015218256
0.014949200
0.014900587
0.015374699
0.015641455
0.015480738
0.016050906
0.015561010
0.015351349
0.014858143
0.015252643
0.014898079
0.014965682
0.015037428
0.015058567
0.015262498
0.014925815
0.014911481
0.015172098
0.016499122
0.016179839
0.015391864
0.015091100
0.015124513
0.015319854
0.015057038
0.015468704
0.015491086
0.014988616
0.015070768
0.015094897
0.015278852
0.015722272
0.014888227
0.984684335
0.015922307
0.014864952
0.015383269
0.015381787
0.015300317
0.014995015
0.015055315
0.015155115
0.015285217
0.014958359
0.015827191
0.015554156
0.015094489
0.015261178
0.015572789
0.015386860
0.015812566
0.015092444
0.015200101
0.015077340
0.015046668
0.015612898
0.015251353
0.015129033
0.015528706
0.015446154
0.015802639
0.015490073
0.014954423
0.015451666
0.015056910
0.014994530
0.014902392
0.015484045
0.015822849
0.014882190
0.015411639
0.014994573
0.015076439
0.015848316
0.015401032
0.014854060
0.015773799
0.014873500
0.015524320
0.015045720
0.014941985
0.015869367
0.016486201
0.015456099
0.014912996
0.015277752
0.015190567
0.015147278
0.015030697
0.015766453
0.015654569
0.014951014
0.015003532
0.014964584
0.030082897
0.015591893
0.014978591
0.015196821
0.984747975
0.015317139
0.015478834
0.015615519
0.014957899
0.015457649
0.014909586
0.015482473
0.014884493
0.015052898
0.014894871
0.014922032
0.015363352
0.014909357
0.015314141
0.015424104
0.015118530
0.015534233
0.014894988
0.014965177
0.015030183
0.015286691
0.014983491
0.015011086
0.014960495
0.015877249
0.014987497
0.015721473
0.014936420
0.015157366
0.015488528
0.015901378
0.015273103
0.015568910
0.015090407
0.015237545
0.015696709
0.015565840
0.015595353
0.015117935
0.015084837
0.015023721
0.015424469
0.015444197
0.014934951
0.016128758
0.014944444
0.014986074
0.015490420
0.015735863
0.014865809
0.015673667
0.015057037
0.014959608
0.015598775
0.014978249
0.015329769
0.014917779
0.015554780
0.015223659
0.015109212
0.015879112
0.015360243
0.015335403
0.015188441
0.984984776
0.015242156
0.015049400
0.015271688
0.014916835
0.016047894
0.015191575
0.014899812
0.014907118
0.015751587
0.014971500
0.015044963
0.015095668
0.014984960
0.014961859
0.015245113
0.015446151
0.015048164
0.015132924
0.015163628
0.015355700
0.015139536
0.015131307
0.015901224
0.015309939
0.015103608
0.015656253
0.015362819
0.015601529
0.015620408
0.015178665
0.015002700
0.015101575
0.015263562
0.014922521
0.014906682
0.015037929
0.015719065
0.015085599
0.015389674
0.014859328
0.015307765
0.015010864
0.015368586
0.015207501
0.030180069
0.015138222
0.015169232
0.015527409
0.015106348
0.015087551
0.014951390
0.015290656
0.017422305
0.015580261
0.015526960
0.015401481
0.015727361
0.029853019
0.014982468
0.014973268
0.014994814
0.014903814
0.015459975
0.984000083
0.015092562
0.015892804
0.015112412
0.015311875
0.015363993
0.015644690
0.015677633
0.015451732
0.015144035
0.014956725
0.015108667
0.015343627
0.015806636
0.014925791
0.015041586
0.015043439
0.015791253
0.015167287
0.015027531
0.014927302
0.015304605
0.015662853
0.015216995
0.017024237
0.015599946
0.015506041
0.014990212
0.015057563
0.015167954
0.015326899
0.015082748
0.015231751
0.015566839
0.014863365
0.015592719
0.030897394
0.015061454
0.014971568
0.015313475
0.014968358
0.015676121
0.015426623
0.015775780
0.014868347
0.015099138
0.014979849
0.015782447
0.015102235
0.016054081
0.015067273
0.015112266
0.020229504
0.015086241
0.015074521
0.015134796
0.014952220
0.015146293
0.014913681
0.015362044
0.030519047
0.017594617
0.015901821
0.984283768
0.014999678
0.014994879
0.014887864
0.015597786
0.015328511
0.014932110
0.014891561
0.014890675
0.015061736
0.014966893
0.015011257
0.015746522
0.014943624
0.015431596
0.014911152
0.015525988
0.015146983
0.015002830
0.015808717
0.015106135
0.015047451
0.015621965
0.015419525
0.015757245
0.015470954
0.015728751
0.014944495
0.015307946
0.015785834
0.015661108
0.014900723
0.017315391
0.015937970
0.015673565
0.014891699
0.015268797
0.014941644
0.015453753
0.015804401
0.015179904
0.014936771
0.014890245
0.015370953
0.015259666
0.014890850
0.015359976
0.015153129
0.015076503
0.015624199
0.015138238
0.015111904
0.015044442
0.015376261
0.015570790
0.015485619
0.015626667
0.015731702
0.015545738
0.015741717
0.015618989
0.014843029
0.014955343
0.015475101
0.015706925
0.984600500
0.015560976
0.015369280
0.015660512
0.015147378
0.015017595
0.014860295
0.015391993
0.015124144
0.015859244
0.015468668
0.014975423
0.015170427
0.014939824
0.015697447
0.015172777
0.014852597
0.014962504
0.014983693
0.015004730
0.015533666
0.015124157
0.015123923
0.015783282
0.015020347
0.015290928
0.014977337
0.015051652
0.015800823
0.015155331
0.015874813
0.015684066
0.015601119
0.015808392
0.015532387
0.015697959
0.015041898
0.015301782
0.015101305
0.015394030
0.015070502
0.015267884
0.015138372
0.014967322
0.015547907
0.014948966
0.014995347
0.014956833
0.015497984
0.014972327
0.015207239
0.015091799
0.015474587
0.015092786
0.014914419
0.014983300
0.014989557
0.015369226
0.014873680
0.015232157
0.014924480
0.015287706
0.014892859
0.015112620
0.014962529
0.015642744
0.984438290
0.015621374
0.014950509
0.015193175
0.015077418
0.016002493
0.015120078
0.015139704
0.016938582
0.015494876
0.014868268
0.014918112
0.014978761
0.014905181
0.015877306
0.015566605
0.015451681
0.014922731
0.015227763
0.015512354
0.015303873
0.014918186
0.015942542
0.015628433
0.015029530
0.014983038
0.014843463
0.015327587
0.015049022
0.015826559
0.015105451
0.015167660
0.015513166
0.015622805
0.015826253
0.015126012
0.014855462
0.014973496
0.015160565
0.015804502
0.014933408
0.015234978
0.015489766
0.015119308
0.015162133
0.015025191
0.038691074
0.015620962
0.015639423
0.014995649
0.015053093
0.014864354
0.014976522
0.014983661
0.014913791
0.015115313
0.014936175
0.015484587
0.015614609
0.014990347
0.015158379
0.014886702
0.015636066
0.984903743
0.015089257
0.014879372
0.015337822
0.015414177
0.015841210
0.014851435
0.015069716
0.015989330
0.015204223
0.015042065
0.015335062
0.014879865
0.014895455
0.015112767
0.015603718
0.015717141
0.014927545
0.015708306
0.014886829
0.015243283
0.015389190
0.015361947
0.015268173
0.015659572
0.015591445
0.015600275
0.015629897
0.015605668
0.015711837
0.015522311
0.014955476
0.015205589
0.015828177
0.015003482
0.015201414
0.014915245
0.015327327
0.014924775
0.030532978
0.015063018
0.015431671
0.015245392
0.014941523
0.015528612
0.014856859
0.015544545
0.014903718
0.015210239
0.015413726
0.014923087
0.014868833
0.014868258
0.018264507
0.014916352
0.015144039
0.015566551
0.014934167
0.014885559
0.015090649
0.015124683
0.014898698
0.025536348
0.018114379
0.982270696
0.015598705
0.016344534
0.014938022
0.014926320
0.015309705
0.015548430
0.014949301
0.015625014
0.031278203
0.015471180
0.015237314
0.015040414
0.014973785
0.015119030
0.015100200
0.015153176
0.015094427
0.014941638
0.014895938
0.014860891
0.015088318
0.015786018
0.015437697
0.014987239
0.015510987
0.015535060
0.015059709
0.015474445
0.015264530
0.015144798
0.014941532
0.014927115
0.015305467
0.014948484
0.014882869
0.015508422
0.015529043
0.014854292
0.014834989
0.015156118
0.015958688
0.015573890
0.015405129
0.015622391
0.015874181
0.014857815
0.015377842
0.014964000
0.015313473
0.015456449
0.014969921
0.015244720
0.014968262
0.015391292
0.014865215
0.031072662
0.015654530
0.015584337
0.015069829
0.015025397
0.014902588
0.015676017
0.984503755
0.015505109
0.015455533
0.015039685
0.015052120
0.015607670
0.015946571
0.015448587
0.014985518
0.015348045
0.015150986
0.015281345
0.015689492
0.015278982
0.014892664
0.015597280
0.015458413
0.015188483
0.015102875
0.015101701
0.015297117
0.014868599
0.014986556
0.015432232
0.015258407
0.014933816
0.015003924
0.015202543
0.015498822
0.014885190
0.014951591
0.015249596
0.015649997
0.014870980
0.015777722
0.014958611
0.014955008
0.015558532
0.015254303
0.015079814
0.015603883
0.015484661
0.014931623
0.015140987
0.014960078
0.015268559
0.014949298
0.015877034
0.015625125
0.014892967
0.015005297
0.014984549
0.014887976
0.015391695
0.018277455
0.014910745
0.015364284
0.015611311
0.015922547
0.015543778
0.015494670
0.015500601
0.030429396
0.015406467
0.015560583
0.984389079
0.014975324
0.015320533
0.015114664
0.015153461
0.014955854
0.015304536
0.014924651
0.015601441
0.015457746
0.014907372
0.014976247
0.014920404
0.015301317
0.014882762
0.015375875
0.015077719
0.015044320
0.015827118
0.015819762
0.014952016
0.015279916
0.014903776
0.015408716
0.014849198
0.014982042
0.015527148
0.014967256
0.015313461
0.015912606
0.015654839
0.016080236
0.015412766
0.014889671
0.015580903
0.014892213
0.015272313
0.015070500
0.014973461
0.015662076
0.015046420
0.015413485
0.016021576
0.015602352
0.014880547
0.014951029
0.014971812
0.015103973
0.015268137
0.015331446
0.015538359
0.015619557
0.015130726
0.017536424
0.015252678
0.014869411
0.015091294
0.016111026
0.015292616
0.015111430
0.015026132
0.015696672
0.015598870
0.015472968
0.014942122
0.985003625
0.014936422
0.015171791
0.015038584
0.015438219
0.015550549
0.014869829
0.015686725
0.015537105
0.015278646
0.014997112
0.015053229
0.014952114
0.015020183
0.015332013
0.015447061
0.014966160
0.014880414
0.015186009
0.015624646
0.015887599
0.014941624
0.015520259
0.015147345
0.015319424
0.015279372
0.014986581
0.014914498
0.015277906
0.014858271
0.015665409
0.015466338
0.014905846
0.015726570
0.014887833
0.015778282
0.015414418
0.015675337
0.015155176
0.015052340
0.016339768
0.015063291
0.015578247
0.015621590
0.015431084
0.015076173
0.015059112
0.014993580
0.015334814
0.015221954
0.014974562
0.030667115
0.014932526
0.015467160
0.015076856
0.015514828
0.015381504
0.015677890
0.015627390
0.015212819
0.014940273
0.014837260
0.015401616
0.015640659
0.984282169
0.015759200
0.015186876
0.015741553
0.014857424
0.014976617
0.015236040
0.015047071
0.015060813
0.014884754
0.014980563
0.015149886
0.016240467
0.014979451
0.015127329
0.014856406
0.015362452
0.014968780
0.014873346
0.015459519
0.015533194
0.015144324
0.015468374
0.015389824
0.032632592
0.015329422
0.015346450
0.015175478
0.015267103
0.014865881
0.015047083
0.014955567
0.015063533
0.015318908
0.015886314
0.015328994
0.014892414
0.015684914
0.015089635
0.014998985
0.015528340
0.015091444
0.015162233
0.015206748
0.014934500
0.014973259
0.015169945
0.015185703
0.015489857
0.014914318
0.014942830
0.015286781
0.015217399
0.017902714
0.014959345
0.016257085
0.015819338
0.015626997
0.015555473
0.015653409
0.015107076
0.015268694
0.014882824
0.016102370
0.016036878
0.984550136
0.015587252
0.015049897
0.015674562
0.015218458
0.014965834
0.015204722
0.015033380
0.015087833
0.014987778
0.015421987
0.015724729
0.016014727
0.015351528
0.015607047
0.015609112
0.014938864
0.015401941
0.015272432
0.014904672
0.014977021
0.014968288
0.014932630
0.015317208
0.015071793
0.015613735
0.015677559
0.014885032
0.015046599
0.015143600
0.015351427
0.015399258
0.015176274
0.015098512
0.015761744
0.015387437
0.014936861
0.015308512
0.015100552
0.015212484
0.015272955
0.015753302
0.015492303
0.014917638
0.015009643
0.015129358
0.015629768
0.015998241
0.015256482
0.015118963
0.015039949
0.015047722
0.014949950
0.017278564
0.015034417
0.015684544
0.015801688
0.015007446
0.015118686
0.015017342
0.015344121
0.015382456
0.014975607
0.015315939
0.014986930
0.984734956
0.015217223
0.015028580
0.015081247
0.015686381
0.015580332
0.016171507
0.015314257
0.015367682
0.015117391
0.015241472
0.015789084
0.015266019
0.015061322
0.015686081
0.014902074
0.015615066
0.015060023
0.014895607
0.015125539
0.015105414
0.015587151
0.015621883
0.015257950
0.014923224
0.014941078
0.014937449
0.015055963
0.014955613
0.015093097
0.014957974
0.015660071
0.015569764
0.015810358
0.015318255
0.015921936
0.014891229
0.015181696
0.014946810
0.014958173
0.014958336
0.014922681
0.015967856
0.014960556
0.015532483
0.015476778
0.015878471
0.014916415
0.015391187
0.015024615
0.015184706
0.015319076
0.015121682
0.015145220
0.015563830
0.015708075
0.016001020
0.015300710
0.015022654
0.014952585
0.015003300
0.015884766
0.015429370
0.015930442
0.015185178
0.985112184
0.015472331
0.014865330
0.015248908
0.014915535
0.015500695
0.015638822
0.014897740
0.015593656
0.015551909
0.015800601
0.015392528
0.014949493
0.015341209
0.015610021
0.015574741
0.014978007
0.014877030
0.015177288
0.015490391
0.015582312
0.015723627
0.015496482
0.014842819
0.015058561
0.015261959
0.014900368
0.015470479
0.015371885
0.014914246
0.014978549
0.014896070
0.015211456
0.014952307
0.015107294
0.015080549
0.015414246
0.015673558
0.014952574
0.015379245
0.014928749
0.015262898
0.015315757
0.014861560
0.015379390
0.015261816
0.014911375
0.014887807
0.015021555
0.015281930
0.014945512
0.015176082
0.015016400
0.015107950
0.018501788
0.014924114
0.015135035
0.015025436
0.030633499
0.014904987
0.014994009
0.015038043
0.014895048
0.015026903
0.016062821
0.985055327
0.015102680
0.014928163
0.014898039
0.015521977
0.015054330
0.015111033
0.015023302
0.015298136
0.015531660
0.015249981
0.015037080
0.015181351
0.014988955
0.014960967
0.014938597
0.015052227
0.015018151
0.015228613
0.014918201
0.015669592
0.015383614
0.014920155
0.015363755
0.015583277
0.015556735
0.015614874
0.015694997
0.015495481
0.014927221
0.015238566
0.015706502
0.015671656
0.015751961
0.015684743
0.015567487
0.015595283
0.014851396
0.015293468
0.015737578
0.015442929
0.015835303
0.015604643
0.015867221
0.015402594
0.014890773
0.014972955
0.015104128
0.014878847
0.014878692
0.015289859
0.014881078
0.015622226
0.015572410
0.015070061
0.015042230
0.015136847
0.015187419
0.014933271
0.014959688
0.015375016
0.015016414
0.015180361
0.014962917
0.015134245
0.984265071
0.014869515
0.015402071
0.015473422
0.014912512
0.015502710
0.014950880
0.015239188
0.014977943
0.015036548
0.015060028
0.015075147
0.030142840
0.015301635
0.016093982
0.015462261
0.015499172
0.015717472
0.015823969
0.015479582
0.014888349
0.015139223
0.015581745
0.015257281
0.015095904
0.015260641
0.015816734
0.015094579
0.015025171
0.015564586
0.015702573
0.015488545
0.015092716
0.015023154
0.015269402
0.015236727
0.015679019
0.015407718
0.014972530
0.016330800
0.015539626
0.015162501
0.015037587
0.014997705
0.015199926
0.015640218
0.015667250
0.015826738
0.014949551
0.015125679
0.015518556
0.016004396
0.030751533
0.015689487
0.015226966
0.015219060
0.015566961
0.015061809
0.015134854
0.015789818
0.015538260
0.015711051
0.015568213
0.984063589
0.015399605
0.014942761
0.015385763
0.015411879
0.015081937
0.015221721
0.015006219
0.015277286
0.015672582
0.015619806
0.015571260
0.015579943
0.015198160
0.015057433
0.015121769
0.015212513
0.015581660
0.015639381
0.015653013
0.014993240
0.015221492
0.014968585
0.015411867
0.015168531
0.014987655
0.015765967
0.015711235
0.015408398
0.015531348
0.015161462
0.015215456
0.015028003
0.015248834
0.015185616
0.015152605
0.015270522
0.014930005
0.015224933
0.014966167
0.015695112
0.015287419
0.014883400
0.014958041
0.015368365
0.015561494
0.015542060
0.015789564
0.015102102
0.014916289
0.015162083
0.015042733
0.014970353
0.015001844
0.018732836
0.015913508
0.015137119
0.015163837
0.015462320
0.015691907
0.015496883
0.015098686
0.014955410
0.015175798
0.015043078
0.015219677
0.984333324
0.015002984
0.015253407
0.015770120
0.015404859
0.015238161
0.015794521
0.015379036
0.015836723
0.015341086
0.015055840
0.015271737
0.014972767
0.015629851
0.015650233
0.014904085
0.015267576
0.015750766
0.015498751
0.015560479
0.014940588
0.015491216
0.015074830
0.015167094
0.015580950
0.014984603
0.015192335
0.014936730
0.015406756
0.015529126
0.014964991
0.015447009
0.014874189
0.015529409
0.015326350
0.014950471
0.015847230
0.016045574
0.015005104
0.014986228
0.014916608
0.015294158
0.015829532
0.015603483
0.015446786
0.015162268
0.015405728
0.015578395
0.015639533
0.015496415
0.014898219
0.014944035
0.015148913
0.017621396
0.017398331
0.014982543
0.015516620
0.015037864
0.015071102
0.015537852
0.015698947
0.015465298
0.014922570
0.014875306
0.015231329
0.985031205
0.015451229
0.014908757
0.015316138
0.015752475
0.015020923
0.014954826
0.015023437
0.015592367
0.015743560
0.015301543
0.015925172
0.015543449
0.015366377
0.015697778
0.014914242
0.014903381
0.015127305
0.015046236
0.015186962
0.015533104
0.014909098
0.015302592
0.015095765
0.015173140
0.014951490
0.015405105
0.015758397
0.015449240
0.015614201
0.015519943
0.015679974
0.015635239
0.014855249
0.015668226
0.015372984
0.015327406
0.015073153
0.015283862
0.015124866
0.014973365
0.015697342
0.015709169
0.015283868
0.014898794
0.014917217
0.015414627
0.015257332
0.014893593
0.014890445
0.015179382
0.015928180
0.015924030
0.014976641
0.014980930
0.014981363
0.015910830
0.015574537
0.015040055
0.015192205
0.015029066
0.015202454
0.015698270
0.014973803
0.984970660
0.015568707
0.015019825
0.014903599
0.015504579
0.014906598
0.015170981
0.014901190
0.015505355
0.015191874
0.015739069
0.030057261
0.015637004
0.014929991
0.015373637
0.015657194
0.015690592
0.014943866
0.015211463
0.014839487
0.015415709
0.016043411
0.015386936
0.015000017
0.015359984
0.015353954
0.014858539
0.015379650
0.015868035
0.014893659
0.015178101
0.014876383
0.015321506
0.015228515
0.015254622
0.015474050
0.015627860
0.015597983
0.015497096
0.015015296
0.014882893
0.015381355
0.014965342
0.015446400
0.015454200
0.015529390
0.014856790
0.014858776
0.015024627
0.015176606
0.015035763
0.015359157
0.014862571
0.015356596
0.014898305
0.015322164
0.015699432
0.015067441
0.015189813
0.014976662
0.015336191
0.014921694
0.015222342
0.015574231
0.014933883
0.984566744
0.015724552
0.015472832
0.014981578
0.015312947
0.029953341
0.014955926
0.015647052
0.015616059
0.015667709
0.014866056
0.015202120
0.015870960
0.016487130
0.015902380
0.015324586
0.015900111
0.015608842
0.015266804
0.015244393
0.015433196
0.015832113
0.015155978
0.015014294
0.016809713
0.016186035
0.015018119
0.015271865
0.015377098
0.015259349
0.015196875
0.015128405
0.016036339
0.015592107
0.015065319
0.015178227
0.015044387
0.015567417
0.015252086
0.015864708
0.015181108
0.014940905
0.015672669
0.015282916
0.015128632
0.015223380
0.015051511
0.015250726
0.016080191
0.015246166
0.015571230
0.015713571
0.015475628
0.015595337
0.015213870
0.015389608
0.015255432
0.014953164
0.015419693
0.015649915
0.014983521
0.015403890
0.015568730
0.984504849
0.014851570
0.015601259
0.014886032
0.014911309
0.015008129
0.015218919
0.014887719
0.014946998
0.015578986
0.015581124
0.015154776
0.015140651
0.014888573
0.015505228
0.015459735
0.017508475
0.015054258
0.015579353
0.015693336
0.015662103
0.014922889
0.015159650
0.015322476
0.015694675
0.014882827
0.015346529
0.015085445
0.014983069
0.015234069
0.014941974
0.015379390
0.014975654
0.015295415
0.015426657
0.014912798
0.014935286
0.015115009
0.015390065
0.015112334
0.015611211
0.015323042
0.014959290
0.014985707
0.015693284
0.015002054
0.014837929
0.014994477
0.015438653
0.015250054
0.015081725
0.014895134
0.015222608
0.014940273
0.015403453
0.015384792
0.015006904
0.015066347
0.015320562
0.015668315
0.015244910
0.015035812
0.014935657
0.015064989
0.015246214
0.015623193
0.984967805
0.015084623
0.015603470
0.015174350
0.014975382
0.014909932
0.015033756
0.015483675
0.015677408
0.015084267
0.014935537
0.015137087
0.015445447
0.015577177
0.015042719
0.015852340
0.015358427
0.015977187
0.015496631
0.015353004
0.015172835
0.015644546
0.014837876
0.014967347
0.015151952
0.015347552
0.015597195
0.016115206
0.015064389
0.015247640
0.015251252
0.015496609
0.015641488
0.014901905
0.015231717
0.014895148
0.015598267
0.015044905
0.015332521
0.015577383
0.015550978
0.014937635
0.015495243
0.014904680
0.015022334
0.015024689
0.014917042
0.015483266
0.015539411
0.015781470
0.014957831
0.015137285
0.014906212
0.015465350
0.014933363
0.015255953
0.014966689
0.015510236
0.015047488
0.039451604
0.016310343
0.015209450
0.015742588
0.015031609
0.984919546
0.014970169
0.015227590
0.015783628
0.014928796
0.015369417
0.015366934
0.015562974
0.015965781
0.015038614
0.015012194
0.014858036
0.015394489
0.015575096
0.015839723
0.014957133
0.014905649
0.014881351
0.015519242
0.015827497
0.015227817
0.016003749
0.015481838
0.014941694
0.015679827
0.015734189
0.015612609
0.015525623
0.015692963
0.014977989
0.015063970
0.015036011
0.015476966
0.015682325
0.015789217
0.015077499
0.014872878
0.015466395
0.014944493
0.015505561
0.014930885
0.014892278
0.015408537
0.014959004
0.014939341
0.014910816
0.015180860
0.015439040
0.014863408
0.014949888
0.015130133
0.015362573
0.014922088
0.015449591
0.015615348
0.015270365
0.015570487
0.015012971
0.015214647
0.014887304
0.014857943
0.015249666
0.016004927
0.015340549
0.015220841
0.985034640
0.015579812
0.015399028
0.015346168
0.014895000
0.015689102
0.015930826
0.015095362
0.014991682
0.014940120
0.015141717
0.015700958
0.014906189
0.015549945
0.014964476
0.015138584
0.015581561
0.014974297
0.015320089
0.015661352
0.015542673
0.015596089
0.015729437
0.015496018
0.015759729
0.015491997
0.014869546
0.015379240
0.014927264
0.015518394
0.014970314
0.015482084
0.014968119
0.015158208
0.014957050
0.014945085
0.015084404
0.015485123
0.015870309
0.015406108
0.015661038
0.015660171
0.014849581
0.015431116
0.015689097
0.015014347
0.015318100
0.015987834
0.014889525
0.015320263
0.015588236
0.015248765
0.014866686
0.030843571
0.014976023
0.014979208
0.015607290
0.014872051
0.014937956
0.015704671
0.015460555
0.014890329
0.015325241
0.014911528
0.015200921
0.984957025
0.015281749
0.014931195
0.015410059
0.015199127
0.015355621
0.015171037
0.014909124
0.015268372
0.015771456
0.014985876
0.015207848
0.015950688
0.015115700
0.014985160
0.015598894
0.015463964
0.015745413
0.015300817
0.015019277
0.016752357
0.015131153
0.015019459
0.015314833
0.015287703
0.016022070
0.015576600
0.015083339
0.015185150
0.016217583
0.014960240
0.015689780
0.015584102
0.015510588
0.015708638
0.015915980
0.015340241
0.015529568
0.014987692
0.015197466
0.015163771
0.015447880
0.015344322
0.015112149
0.015123165
0.015585654
0.015649596
0.014849001
0.014933834
0.015098396
0.015538763
0.015831906
0.015015562
0.015295855
0.014882692
0.015358808
0.014969738
0.015130264
0.015083526
0.015445692
0.015786574
0.014935454
0.015015591
0.015728428
0.014987041
0.984996650
0.015167925
0.015316734
0.015743891
0.015645672
0.015113275
0.014999800
0.015550248
0.015233084
0.015240077
0.014967789
0.015208295
0.015886125
0.015698015
0.015208216
0.015663630
0.015715317
0.015591372
0.015079939
0.015255736
0.015024341
0.015067381
0.015149730
0.015067524
0.015263311
0.014862233
0.015328926
0.015738521
0.014849640
0.014987509
0.014943566
0.014935509
0.014832858
0.014878814
0.015350038
0.014946159
0.014884115
0.015339010
0.015571949
0.015671294
0.015662051
0.015475502
0.015669661
0.014916308
0.015257343
0.015609598
0.014962979
0.015096058
0.015060313
0.015504123
0.015501306
0.015709665
0.015656975
0.015668235
0.015544971
0.015496442
0.014859580
0.015646952
0.015551629
0.014960520
0.014988740
0.030991807
0.015363391
0.015633811
0.985121054
0.015186579
0.014993971
0.015526198
0.015334102
0.015681656
0.015635592
0.015045762
0.015601831
0.015131299
0.015827263
0.015444426
0.015604422
0.014945500
0.015284334
0.014828063
0.015531788
0.014894443
0.015272625
0.014873152
0.015568184
0.015791080
0.015731678
0.015346948
0.014966452
0.014990311
0.014884550
0.015787233
0.015341234
0.014865386
0.015307509
0.014926460
0.015537854
0.014873007
0.015262072
0.015017792
0.014965035
0.015040452
0.015230017
0.015064996
0.015136133
0.015236833
0.015491432
0.015452349
0.015592654
0.016219520
0.016050644
0.015576803
0.015576620
0.014901982
0.015392982
0.014890348
0.015473618
0.015020831
0.015822575
0.015349444
0.015444597
0.015750222
0.015564717
0.016003654
0.015517459
0.014901055
0.015397772
0.014856620
0.015109688
0.985026253
0.015596256
0.015040410
0.015032343
0.014975424
0.015892106
0.015640207
0.015304220
0.014968763
0.015251451
0.015607836
0.015030438
0.015266857
0.015035562
0.015259721
0.015076558
0.015112641
0.015726354
0.015614515
0.014993999
0.015536838
0.015196950
0.015032711
0.015211144
0.014925141
0.015595048
0.016255291
0.015826467
0.014981351
0.015405192
0.014936176
0.014930987
0.014952974
0.015473147
0.015699512
0.014958640
0.015777089
0.014866511
0.015100262
0.015092385
0.015622294
0.015247312
0.014920482
0.015596181
0.014909169
0.015111321
0.015023344
0.015091148
0.015089316
0.015505329
0.015020079
0.014930120
0.015044279
0.015767010
0.019144532
0.015017471
0.014907202
0.015206432
0.015813068
0.014848776
0.014975180
0.015134005
0.015104573
0.015595528
0.015076588
0.015136193
0.985087024
0.015296482
0.014866665
0.015294651
0.014869150
0.015278974
0.015922007
0.015043458
0.016015469
0.015009284
0.014866885
0.015623389
0.015150112
0.014908036
0.015485769
0.015462731
0.014861033
0.015298266
0.014879370
0.015538436
0.015038502
0.014984875
0.015902418
0.015005164
0.015235984
0.015371978
0.014927245
0.015203786
0.015116772
0.015412877
0.015532309
0.015271107
0.015104505
0.015260150
0.015618206
0.014994348
0.014956073
0.015122731
0.015553544
0.016022529
0.016066543
0.014844788
0.014990030
0.015052796
0.016094878
0.015422783
0.015653613
0.015740158
0.014963428
0.015227761
0.014848694
0.015950078
0.014957026
0.016938023
0.015717662
0.015517638
0.015404861
0.016027238
0.015257653
0.014879523
0.014934888
0.015367485
0.015544809
0.015081161
0.015002559
0.984829577
0.015423592
0.014867608
0.015553536
0.015441645
0.015028157
0.015394821
0.015088036
0.015206307
0.019316430
0.014987943
0.015377545
0.032067686
0.015069789
0.015161436
0.015673735
0.015571229
0.014931756
0.015324621
0.014950881
0.014995724
0.015033226
0.015026198
0.015304428
0.015686787
0.015518488
0.015546354
0.014958367
0.015469685
0.015365951
0.015018951
0.015276793
0.014928129
0.015368662
0.015693752
0.014924946
0.015333322
0.014846535
0.015414146
0.015607707
0.015534087
0.015633408
0.015749700
0.015739621
0.015595525
0.015025616
0.015049766
0.015502230
0.015050575
0.015257204
0.015298911
0.015091622
0.015329623
0.015114427
0.015283699
0.015213410
0.015063210
0.015690659
0.015372152
0.014985553
0.015267770
0.015619760
0.014890346
0.015432526
0.984376799
0.015677503
0.015588402
0.014907497
0.015037028
0.015977700
0.015347215
0.015527879
0.015007941
0.015232148
0.015031856
0.015085087
0.015008416
0.015164901
0.015460635
0.014954740
0.015675041
0.014948454
0.014936509
0.015618722
0.014874694
0.015323563
0.015054164
0.015051679
0.015841900
0.014974651
0.015309194
0.015704613
0.015197626
0.016047976
0.015524667
0.015574313
0.015444550
0.014957749
0.015143954
0.015043057
0.015010282
0.015047793
0.014858552
0.015494238
0.015256268
0.014947307
0.014972439
0.014988171
0.015118919
0.015860607
0.015468752
0.014962787
0.015196522
0.014899668
0.015187772
0.015770943
0.015128452
0.015450378
0.016382372
0.015332084
0.015836118
0.015368930
0.015292334
0.015462638
0.015708594
0.014865187
0.014902636
0.015174273
0.015118314
0.014957062
0.984764879
0.015929585
0.015512005
0.015390185
0.015019827
0.014933838
0.015337127
0.015196017
0.015650961
0.015757747
0.015499416
0.030159375
0.014957531
0.016400058
0.016116030
0.016175372
0.015602380
0.015019254
0.015306332
0.014897951
0.014971708
0.015369345
0.015520457
0.015552305
0.016626671
0.015738968
0.015151672
0.015287154
0.014958621
0.015291280
0.015128428
0.015279336
0.015172000
0.015008007
0.014947735
0.015404628
0.015706622
0.015085107
0.015440927
0.030921335
0.015032386
0.015886800
0.015274282
0.015809914
0.014993173
0.015966716
0.015650579
0.015293559
0.014974131
0.016271762
0.015068099
0.016064468
0.014961116
0.014944373
0.015287918
0.014999526
0.015079655
0.015457544
0.015587604
0.015705108
0.014913261
0.029908007
0.984263492
0.015385984
0.015552273
0.015488834
0.015008391
0.015095046
0.015165575
0.015305786
0.015922292
0.015384767
0.015817824
0.015442480
0.030297824
0.015416673
0.015067868
0.015238520
0.014926397
0.015506121
0.015400085
0.014997305
0.014977595
0.014922842
0.015778568
0.015589716
0.015043882
0.015596685
0.015098398
0.015071800
0.015038125
0.015538809
0.015032166
0.015539669
0.014926690
0.014899024
0.015018964
0.016070593
0.015247291
0.015156267
0.014946858
0.015299357
0.015044687
0.015397018
0.015359946
0.014964943
0.015261583
0.015737850
0.015471959
0.015022452
0.015245567
0.015821710
0.015285634
0.015892826
0.018082120
0.015772029
0.015026158
0.015139756
0.015840245
0.015489107
0.015792452
0.015514236
0.014886487
0.014957092
0.014967560
0.015889374
0.984604260
0.015662869
0.014903858
0.014847032
0.015363616
0.015065853
0.015171833
0.014864156
0.015261217
0.015707774
0.014994407
0.015258082
0.014907808
0.015305801
0.014875767
0.015018377
0.014870172
0.015082090
0.015176462
0.015648832
0.015107517
0.015056590
0.015123032
0.015233090
0.015829556
0.015443297
0.015881887
0.015740351
0.015620342
0.014900201
0.015516992
0.014884271
0.015631317
0.015661907
0.015611350
0.014986946
0.015199262
0.015544468
0.014968415
0.015085352
0.015027416
0.015755037
0.014941471
0.015539855
0.014904317
0.014989412
0.015198915
0.015211647
0.014902487
0.014979077
0.015328747
0.015611602
0.015401317
0.015054612
0.015115135
0.014990073
0.015567191
0.033979000
0.015432838
0.014963521
0.015593576
0.015537442
0.014977870
0.015070537
0.970086339
0.016029326
0.015573381
0.015649285
0.015577672
0.014936257
0.014851042
0.015289577
0.014972778
0.015530454
0.015083623
0.014881077
0.014916437
0.015121130
0.015774153
0.014880824
0.015582512
0.014947336
0.015388743
0.015355051
0.014922719
0.015677567
0.015045979
0.015646166
0.015759548
0.015954399
0.015337860
0.015363391
0.014891661
0.015660284
0.015278930
0.014953087
0.015212296
0.014900244
0.015729930
0.015352713
0.015751001
0.015550115
0.015850786
0.015275579
0.015516700
0.014953598
0.014864718
0.015229357
0.014860268
0.015258018
0.015725844
0.014991228
0.015178791
0.014980943
0.014894094
0.015436628
0.015559308
0.014928774
0.015088463
0.014906041
0.015599946
0.015486643
0.015629018
0.015406495
0.014885305
0.014863919
0.017144118
0.014909638
0.984518040
0.015300208
0.015037497
0.014977221
0.015245288
0.015787829
0.015183005
0.015170288
0.015025158
0.014887745
0.015356721
0.015536339
0.015828154
0.014913261
0.014950284
0.014849708
0.015286616
0.015284592
0.015946287
0.015579705
0.015407695
0.014962704
0.015352900
0.015042553
0.015272864
0.014926073
0.014913683
0.015857290
0.015327253
0.015771935
0.014968096
0.015045739
0.014997726
0.015557703
0.015523271
0.014969057
0.015206321
0.014888449
0.015353530
0.015051851
0.015277099
0.015021661
0.015134154
0.015659859
0.014929799
0.015044174
0.014948459
0.015072560
0.014908945
0.015400048
0.014995710
0.015412654
0.015933114
0.016133108
0.014919666
0.015563825
0.015056478
0.015231088
0.014902519
0.014915384
0.015207479
0.015312018
0.014827469
0.015103996
0.014947785
0.015232783
0.985093825
0.015077467
0.014841465
0.014882115
0.015042810
0.014935711
0.014880667
0.015064588
0.015128731
0.015662872
0.014887003
0.016046420
0.015072440
0.014909856
0.015348101
0.015735404
0.015462135
0.014961426
0.015042084
0.014962712
0.015141942
0.015521141
0.015739054
0.015620626
0.015802354
0.015365362
0.014855400
0.015167764
0.015912312
0.014913098
0.015291407
0.014896849
0.015284279
0.015487768
0.014965552
0.015535004
0.014869193
0.015442926
0.014954637
0.015102778
0.015492754
0.015026415
0.014907683
0.015352708
0.015844720
0.015818130
0.015042176
0.015044411
0.015345239
0.014883470
0.015241712
0.014891558
0.015369532
0.014893911
0.015567161
0.031266213
0.015340266
0.014946629
0.015380063
0.014952928
0.015210001
0.015181056
0.015450598
0.015335415
0.015897807
0.984843476
0.015110047
0.015586559
0.014999633
0.015311747
0.014959083
0.014887056
0.015619535
0.015051596
0.015382642
0.015506277
0.015270527
0.015583677
0.016181854
0.015316551
0.015049824
0.015260093
0.015510028
0.015176582
0.015105755
0.014985111
0.015028474
0.015098879
0.015418991
0.014943427
0.015026932
0.015302842
0.015141169
0.014863415
0.014856945
0.014886353
0.015215017
0.015701665
0.015558859
0.015540694
0.014901789
0.015592755
0.014900568
0.015200908
0.015017414
0.014985923
0.014956036
0.015741705
0.015024674
0.014930412
0.015097137
0.015098636
0.015456690
0.015696493
0.015684478
0.015308401
0.014947964
0.015405654
0.015507785
0.031482151
0.015328621
0.015020538
0.015158854
0.015934364
0.014986027
0.015321667
0.015743002
0.015446128
0.015998893
0.984938191
0.014896081
0.015793911
0.015456525
0.015503733
0.015116009
0.015109000
0.015583117
0.015811195
0.015001771
0.015089975
0.015053903
0.015233272
0.015557359
0.014990724
0.015475691
0.015591562
0.014855885
0.015495032
0.014869969
0.015403703
0.015378837
0.014924374
0.015522678
0.015855604
0.015503361
0.016530093
0.015871419
0.015503496
0.015535527
0.015808731
0.015598340
0.015593341
0.014915801
0.015151172
0.014900253
0.015417890
0.014924086
0.015664671
0.015364976
0.015949055
0.015162298
0.014951979
0.015230314
0.014903877
0.014968160
0.015360910
0.015473905
0.015456639
0.014989530
0.015067265
0.015660386
0.032238378
0.015389857
0.015080232
0.014935791
0.015139913
0.015075177
0.015507010
0.015337375
0.014863512
0.015885603
0.015374056
0.014920765
0.982831673
0.015074578
0.015601769
0.015412929
0.014954371
0.015161769
0.015082061
0.015054429
0.015302425
0.015905121
0.014998408
0.015432601
0.015653410
0.015184960
0.014958326
0.016020732
0.017632060
0.083038321
0.015651590
0.018232174
0.015151357
0.015210810
0.015952707
0.038131724
0.039037575
0.019925731
0.015464766
0.015532234
0.015728977
0.015341802
0.015285611
0.015111290
0.015307798
0.015454360
0.015945582
0.015230166
0.016306852
0.015837662
0.014844241
0.014985030
0.015101187
0.014987675
0.015537158
0.015262949
0.015567006
0.015831812
0.014983396
0.015176063
0.014921390
0.015262915
0.014914695
0.014917436
0.015282414
0.014949484
0.016117028
0.015075618
0.017268431
0.984998459
0.015587599
0.015100517
0.015291034
0.016323052
0.015440727
0.014959295
0.014897974
0.015099314
0.015547985
0.014964685
0.015463042
0.015043032
0.016108013
0.015129073
0.015308695
0.015647363
0.015044606
0.014945783
0.015036593
0.015351683
0.015416503
0.014904044
0.015166279
0.015227148
0.015576723
0.015959098
0.015036302
0.015024844
0.014904420
0.039120501
0.016732513
0.015759690
0.015532031
0.015666889
0.015704318
0.014947304
0.014947455
0.015104927
0.015550686
0.015483531
0.014931224
0.015818757
0.014985393
0.014932068
0.015532322
0.014996943
0.015023627
0.015001342
0.015271439
0.014910991
0.015511755
0.017384470
0.015104541
0.014857037
0.015351651
0.015609274
0.015465692
0.014930173
0.014931106
0.014956730
0.014919539
0.015265428
0.015065341
0.985029699
0.015233777
0.015397742
0.015832533
0.015201933
0.014960853
0.014977697
0.015560894
0.015014109
0.015190525
0.015754211
0.014923095
0.015200629
0.015142057
0.015263619
0.015060212
0.015528033
0.015300011
0.014907816
0.015340072
0.015609790
0.015773322
0.014829652
0.015301090
0.015807499
0.014906033
0.015237802
0.014909230
0.014914920
0.015348013
0.015802366
0.014891677
0.015238583
0.015173475
0.015425233
0.015027135
0.015528632
0.015890671
0.014974363
0.015360550
0.014933949
0.015619963
0.015408511
0.015646432
0.014874703
0.015219267
0.014879623
0.015116915
0.015049098
0.014849643
0.015232771
0.015075702
0.015381738
0.015108557
0.015336776
0.015924559
0.015451013
0.015502278
0.015112455
0.014948380
0.015070838
0.015499086
0.014970691
0.015145924
0.014890491
0.984591251
0.014973273
0.015001348
0.015074795
0.015000556
0.014988148
0.015553741
0.015101505
0.014949993
0.015913475
0.015016344
0.015034140
0.014972210
0.014884575
0.015505219
0.015427917
0.014997738
0.015372751
0.014975053
0.015421374
0.015350171
0.015876587
0.015566611
0.015425538
0.014985114
0.015369313
0.016757097
0.015328241
0.015894711
0.017169791
0.015001043
0.015433323
0.015499533
0.014860143
0.014962528
0.015012254
0.014981286
0.015815999
0.015521260
0.015700974
0.015585576
0.015468257
0.015024061
0.015841031
0.015256237
0.015148182
0.015104368
0.014881385
0.015367802
0.015627951
0.016159334
0.015172625
0.015523694
0.015692318
0.015680803
0.016545531
0.015135771
0.018290909
0.015786061
0.015365357
0.015301101
0.014961504
0.014859491
0.015155718
0.015225223
0.984723835
0.014859946
0.014928352
0.015590803
0.014873022
0.015019960
0.015154795
0.015639607
0.015471037
0.015457475
0.014863603
0.014878849
0.015620730
0.015288764
0.015554859
0.015379274
0.015662861
0.014870459
0.015411243
0.014935084
0.015322932
0.014866710
0.014943164
0.015065039
0.015992684
0.015509670
0.014863831
0.015172696
0.015067015
0.015557779
0.015549794
0.015426457
0.015005466
0.014974422
0.015132162
0.015478242
0.015072006
0.014988357
0.015009753
0.015484542
0.015444285
0.014852575
0.015375872
0.014874731
0.015730860
0.015503298
0.014877341
0.015407631
0.014889527
0.015480599
0.015043661
0.015063319
0.014911276
0.015065414
0.018359531
0.015302978
0.014914377
0.014947986
0.015465138
0.014885785
0.015025663
0.015449621
0.015698909
0.015469371
0.015374482
0.015814288
0.984457677
0.015079239
0.014970799
0.015065969
0.015542667
0.015346281
0.014890125
0.015134425
0.015269880
0.015486029
0.014917954
0.015489023
0.014977079
0.015322495
0.015599834
0.015623726
0.015731045
0.014941059
0.014866618
0.015351593
0.015470906
0.014969753
0.015256632
0.015723892
0.014869852
0.015316216
0.016108995
0.015086493
0.015593452
0.015641622
0.015072124
0.014997393
0.015257872
0.015291426
0.014998138
0.015014398
0.015618752
0.015683809
0.015759325
0.015359823
0.015072859
0.015069066
0.014889699
0.015384424
0.015719613
0.014974792
0.015140511
0.014944462
0.015359834
0.015000525
0.015205165
0.015775376
0.014874930
0.019558030
0.015223521
0.014990680
0.015022841
0.014977535
0.015068283
0.015153485
0.015764950
0.015055804
0.015078986
0.015397617
0.014956930
0.983990826
0.015233005
0.015654679
0.014908993
0.015612725
0.015607492
0.015589664
0.015094779
0.015595853
0.015328542
0.014982801
0.015222717
0.015097563
0.015092334
0.016046510
0.015052838
0.015151644
0.015450552
0.015105395
0.016370159
0.015304073
0.015061590
0.014906653
0.015000837
0.015868658
0.015497485
0.015678866
0.016524226
0.015306326
0.015553334
0.015792547
0.015300461
0.015084784
0.015609891
0.015207687
0.015733357
0.014896830
0.015238346
0.015077244
0.016276567
0.015811536
0.015431339
0.014866961
0.014945155
0.015096303
0.015892487
0.016557644
0.015851857
0.015298352
0.015784477
0.015499675
0.015451281
0.015725398
0.015003983
0.015175585
0.015634891
0.015611784
0.014862543
0.015227925
0.015727971
0.015015491
0.015735691
0.015222817
0.015228967
0.015987886
0.985022765
0.014986874
0.014987832
0.015080129
0.015101784
0.015037074
0.030913148
0.015404208
0.015662795
0.015632986
0.015620134
0.015309077
0.015038894
0.015689731
0.014847512
0.015360876
0.029690213
0.015007655
0.015078146
0.015509937
0.015236832
0.014902567
0.015236273
0.015531290
0.015172561
0.015575986
0.015145004
0.015605808
0.015081831
0.016118353
0.015171453
0.015125010
0.014876390
0.014883531
0.015262406
0.014925517
0.014959540
0.015317023
0.015453505
0.014944164
0.015668228
0.015297615
0.014917713
0.014918954
0.015296624
0.015401771
0.014959546
0.015297526
0.015581749
0.015506871
0.015840876
0.015615453
0.015020978
0.015172779
0.015710083
0.015534132
0.015060476
0.015117962
0.015709709
0.015647229
0.014937704
0.014988439
0.015120703
0.970268835
0.015097993
0.015819449
0.015576753
0.014949754
0.014969336
0.014997827
0.014866459
0.015166873
0.014913538
0.015271099
0.015338588
0.015634333
0.015469389
0.014923224
0.015099434
0.015374179
0.015781381
0.014948781
0.015137464
0.014884858
0.014966915
0.015129577
0.015034645
0.014972914
0.015004738
0.015527586
0.015661156
0.015750229
0.014904860
0.014954471
0.015225900
0.015578560
0.015253364
0.014861134
0.014906380
0.015207365
0.015573430
0.015059482
0.015071479
0.014948842
0.015619531
0.015580461
0.015169760
0.015078993
0.014895755
0.015425460
0.015494123
0.015354054
0.015721477
0.014868915
0.014987588
0.015138426
0.018287527
0.014871181
0.015750514
0.015626388
0.015781155
0.014905326
0.015054482
0.014933777
0.015691581