
1657720386.396415118
0.015603161
0.016910620
0.015055155
0.014989764
0.015193210
0.014964375
0.015315090
0.029783149
0.014951390
0.015039770
0.032125848
0.015055622
0.030937555
0.015021947
0.014971340
0.015121920
0.015051648
0.016214417
0.017016741
0.015211093
0.015182845
0.014955794
0.016278398
0.016243159
0.017151091
0.016548343
0.016232235
0.014969219
0.015165987
0.016174848
0.016331578
0.016435806
0.016792733
0.029880928
0.984328979
0.015201778
0.017243947
0.015486291
0.014949050
0.015243255
0.029842540
0.015137878
0.014973419
0.015367977
0.015844857
0.015276151
0.014946506
0.030250027
0.015754628
0.015015695
0.016215602
0.015703842
0.014886937
0.014869252
0.015317893
0.015647418
0.015526702
0.015659456
0.030119047
0.031267106
0.015059137
0.015227819
0.015609233
0.014903985
0.015568816
0.015449715
0.014887293
0.015300296
0.015294822
0.017182040
0.016486388
0.015597316
0.015557132
0.015443589
0.014853569
0.015748570
0.016042953
0.015015533
0.014849722
0.015202541
0.030604694
0.015325934
0.016055727
0.016504510
0.016982723
0.015063461
0.031967618
0.017197048
0.015866707
0.015075355
0.016589791
0.016340690
0.014997888
0.985122321
0.015107892
0.014893652
0.015824947
0.014879423
0.015321225
0.015631306
0.014853381
0.015320767
0.015239808
0.015128256
0.015711764
0.015377896
0.016833908
0.032567393
0.015254875
0.017415074
0.017482943
0.014899280
0.015435343
0.015972859
0.015027230
0.029874873
0.015402054
0.014984144
0.016198684
0.014910318
0.015161401
0.015030140
0.015689830
0.014940981
0.015736075
0.015605994
0.015385200
0.029772458
0.015014763
0.015282339
0.015164183
0.015801897
0.015086456
0.015346564
0.015051995
0.015568452
0.015067795
0.014856407
0.014878943
0.030176748
0.015056937
0.014897875
0.018249646
0.018793192
0.015328144
0.014957237
0.016305789
0.031788101
0.015411265
0.018826898
0.015027128
0.014951994
0.984613577
0.031930547
0.015582011
0.014939344
0.015206431
0.015020380
0.015524540
0.014964960
0.015036735
0.015067437
0.016741899
0.014926830
0.015005909
0.015231154
0.015446345
0.015092869
0.015493060
0.015017528
0.015100085
0.015594852
0.014888627
0.015267977
0.014975812
0.015289741
0.014965158
0.015377276
0.016527162
0.015670412
0.015541988
0.014925185
0.014968299
0.015174116
0.014881609
0.014961630
0.015131929
0.015145354
0.015100611
0.015539858
0.015647089
0.014846363
0.015219009
0.016018429
0.015384399
0.014920768
0.015045233
0.015030641
0.016365918
0.016601935
0.016350085
0.032506691
0.015039706
0.015065154
0.016088034
0.015498880
0.015460292
0.015490523
0.015683443
0.015866395
0.015073897
0.030529971
0.014937324
0.014998187
0.967630079
0.015118478
0.015339526
0.015455990
0.015015594
0.014993598
0.015038992
0.014838251
0.015287882
0.030075683
0.015016323
0.014881894
0.015324787
0.015493847
0.014951596
0.014896629
0.015457797
0.032214148
0.015053512
0.031539488
0.014878082
0.014946794
0.015090291
0.015024186
0.020972216
0.015233878
0.016003004
0.014847457
0.015651060
0.015355697
0.015319124
0.016814530
0.016358054
0.032537003
0.015088618
0.015343098
0.015613412
0.014948956
0.015066651
0.031257846
0.015226661
0.015210649
0.016138167
0.032474230
0.019749733
0.015306897
0.015057115
0.015141571
0.016333366
0.016362367
0.016387999
0.014919252
0.016156574
0.016548458
0.033067974
0.015173839
0.984542982
0.016601469
0.014999243
0.030201578
0.015232053
0.015792201
0.032040808
0.015421874
0.031010150
0.016481600
0.016134663
0.015457089
0.015020575
0.017815262
0.016347746
0.015928783
0.015495206
0.016035130
0.016881562
0.015259628
0.015380015
0.014879996
0.014954022
0.015136521
0.015755629
0.015097296
0.015647639
0.015266489
0.015589102
0.014945408
0.015488791
0.016442440
0.015371946
0.016752233
0.015054458
0.015274112
0.015140218
0.015065968
0.029801472
0.014891708
0.014904221
0.015603068
0.015723719
0.014842407
0.015038164
0.014996795
0.015463176
0.015774378
0.014914868
0.015234175
0.015677041
0.014892861
0.030772346
0.015344327
0.015843207
0.015001076
0.015402435
0.014927532
0.015452757
0.985115433
0.015024095
0.015112199
0.015453315
0.015548066
0.014852724
0.014881647
0.015360164
0.015573388
0.014983034
0.015153876
0.015980392
0.015132604
0.014921618
0.015025841
0.015034051
0.033028403
0.015226517
0.031121302
0.015002225
0.014972454
0.015241524
0.016160690
0.016740833
0.016664153
0.015346988
0.029889845
0.015068453
0.014921899
0.016682501
0.016726012
0.016517496
0.030173518
0.015870025
0.015341644
0.015193821
0.015057656
0.015149016
0.015112528
0.015060900
0.015019482
0.030376359
0.015008636
0.030971350
0.015003707
0.015017614
0.016283646
0.016334878
0.016760634
0.019120504
0.016158236
0.015020599
0.016584014
0.016504201
0.016562423
0.016316109
0.032116582
0.984859155
0.015070538
0.016272706
0.016669093
0.016810853
0.015568476
0.015229942
0.014983368
0.014902713
0.015106449
0.015055256
0.015247150
0.014986287
0.014937543
0.015226823
0.015435145
0.015449573
0.015143856
0.014963891
0.015178209
0.015248412
0.031507624
0.015485345
0.015013594
0.016262363
0.032923856
0.018919366
0.016693308
0.015205299
0.015102212
0.031964522
0.032136315
0.016682138
0.016089278
0.015246728
0.014974141
0.014926310
0.034247238
0.016137165
0.015509537
0.015796720
0.017740683
0.016778887
0.033605812
0.016906089
0.031336302
0.031295728
0.014987442
0.015084444
0.031077988
0.015196812
0.016490264
0.031922815
0.015602755
0.984905647
0.014988289
0.015077334
0.015076397
0.015045439
0.015258305
0.015134789
0.016370319
0.016319758
0.016088406
0.032295613
0.030920894
0.014925547
0.015010802
0.014972604
0.015006220
0.014910529
0.015013558
0.015449385
0.016930191
0.016445217
0.016404430
0.033676466
0.015070780
0.029985492
0.014970794
0.015212391
0.032978314
0.015498233
0.015190765
0.015050862
0.016322181
0.017825312
0.031072369
0.030894977
0.017113882
0.015002982
0.016773260
0.016736448
0.017132546
0.017030521
0.015003473
0.017644059
0.015116054
0.017157282
0.014971352
0.015594798
0.017648193
0.015086003
0.015275532
0.015200290
0.030403250
0.018301797
0.970116012
0.015049455
0.014931913
0.016203957
0.033257686
0.015225549
0.014942809
0.014996924
0.014995661
0.016231609
0.016559884
0.016209618
0.032565160
0.015136216
0.015013124
0.016084008
0.016709359
0.016511566
0.032733986
0.014995773
0.015151304
0.016297683
0.016148942
0.016330985
0.016242714
0.016065656
0.016265444
0.016245022
0.016367462
0.017087605
0.016414903
0.016654728
0.017187287
0.015517406
0.015529770
0.015471431
0.014843286
0.015113067
0.016744218
0.016566220
0.015338969
0.016614335
0.015701190
0.015525433
0.030518913
0.014988994
0.014893457
0.015515925
0.041740204
0.014930947
0.031440654
0.015071806
0.015063639
0.016453836
0.016083414
0.983856923
0.037276602
0.015446327
0.015940274
0.014974932
0.015131151
0.016375006
0.016612181
0.019768070
0.016151067
0.016169135
0.033188683
0.016554630
0.014986219
0.032588341
0.015278315
0.015076381
0.016145753
0.016161236
0.016005265
0.037283544
0.014860265
0.014978168
0.014915496
0.016274685
0.016594321
0.016371058
0.033315447
0.015224452
0.015166933
0.017764493
0.017612095
0.016660425
0.020025525
0.016773285
0.016413521
0.032936863
0.016601920
0.031401438
0.014990234
0.018349517
0.015197286
0.016693914
0.016662435
0.033055235
0.014999767
0.015250846
0.015415045
0.016901040
0.016218393
0.033889941
0.015408385
0.984840301
0.015109562
0.014929243
0.016301595
0.016163686
0.015111076
0.014935042
0.015559995
0.015569070
0.015030611
0.014999274
0.016806759
0.016283805
0.032945302
0.030445871
0.017441609
0.015010900
0.016563057
0.033577741
0.014984447
0.015449138
0.015334579
0.016092198
0.016403105
0.016874160
0.033087042
0.019635860
0.016647621
0.015170558
0.016574940
0.018485903
0.015267556
0.035388705
0.014803971
0.015577373
0.014921110
0.015017064
0.015047313
0.015993293
0.014963927
0.015847753
0.015705799
0.014888072
0.015101153
0.015044775
0.015439557
0.014927663
0.015026308
0.015258905
0.014889417
0.015065064
0.014939761
0.016233228
0.016979799
0.016873480
0.016527824
0.020559758
0.970013915
0.016803357
0.016083434
0.014907785
0.014857729
0.016206738
0.016484090
0.014930577
0.016426657
0.033338877
0.034751578
0.015098977
0.015106771
0.016503224
0.033951308
0.015320265
0.014988730
0.015047247
0.016295280
0.016813822
0.016468093
0.033215731
0.014953557
0.014941144
0.016449346
0.016499834
0.016309121
0.032959522
0.015096221
0.015082392
0.015411439
0.016164081
0.016777985
0.016396874
0.032651720
0.015163641
0.015259914
0.016690056
0.014857774
0.015205306
0.015670678
0.030073378
0.014900542
0.015158546
0.016573118
0.016169757
0.032934890
0.015456197
0.015596866
0.017547038
0.016355361
0.016342566
0.016466518
0.965577605
0.014947112
0.015369196
0.017021059
0.014996726
0.016343787
0.033082603
0.014913718
0.015359628
0.015074482
0.016757373
0.016071782
0.016435904
0.032761055
0.015068823
0.015957806
0.015239079
0.016801589
0.015666329
0.014940992
0.014964923
0.015040307
0.016379708
0.015782883
0.015732005
0.015679042
0.015254503
0.015026246
0.014848331
0.016264394
0.015471724
0.015030843
0.015101268
0.014843825
0.014842110
0.015340310
0.014931596
0.015067898
0.015488862
0.015429144
0.014847047
0.015467303
0.016013244
0.015817317
0.015046283
0.015244017
0.015363127
0.014826021
0.015365370
0.015215149
0.015281157
0.016694174
0.015289322
0.014941665
0.015704482
0.015650420
0.014946073
0.015156974
0.016958302
0.015175546
0.015106632
0.015503718
0.985142996
0.015255650
0.014979482
0.016191940
0.015560327
0.015743600
0.015545657
0.015015638
0.015069495
0.016732807
0.032572856
0.017231162
0.030401776
0.014931949
0.014955701
0.015065519
0.016048626
0.039751996
0.017600277
0.014953285
0.031988154
0.015030617
0.015004219
0.016372279
0.033342281
0.015685107
0.014975252
0.016275048
0.016302896
0.033276788
0.017935644
0.021718605
0.016857167
0.015761278
0.017288622
0.014842593
0.015389275
0.014942340
0.015256916
0.015891093
0.015481841
0.014954304
0.014860636
0.015001709
0.015261169
0.014927537
0.016589316
0.017529950
0.017282749
0.017875719
0.032711274
0.015087378
0.016832828
0.015071322
0.014872857
0.984989465
0.031438418
0.014942613
0.015173139
0.016798974
0.015550814
0.016721434
0.031718922
0.015278127
0.015340606
0.017816632
0.015518874
0.015006746
0.014935917
0.031026270
0.015197831
0.014885774
0.016638529
0.014897325
0.015550775
0.014905570
0.015000699
0.015166476
0.015418997
0.014922364
0.015672731
0.015664571
0.015486754
0.015128197
0.015167752
0.014918834
0.015547659
0.015512616
0.015833422
0.015392749
0.014949550
0.015256180
0.015137339
0.016660857
0.015205663
0.015849724
0.015282781
0.029843339
0.015086902
0.015124934
0.016580510
0.015888033
0.015076028
0.029738788
0.016072365
0.018967140
0.015435274
0.015235667
0.015321578
0.015316636
0.015100637
0.015222136
0.015496453
0.016995384
0.983506415
0.031202253
0.015741306
0.015201324
0.016935567
0.016614445
0.016707718
0.032840671
0.015326537
0.015160508
0.016338904
0.016629534
0.016166360
0.033023507
0.015067101
0.015130375
0.014953277
0.024891126
0.016540318
0.032769699
0.015270960
0.015428661
0.016682536
0.014954473
0.015633036
0.015210571
0.014939122
0.015582117
0.017333716
0.014895134
0.016126637
0.014985608
0.015233743
0.015069682
0.016239599
0.014972573
0.014956584
0.014873050
0.015467395
0.014986597
0.015023900
0.014955169
0.015577371
0.015439159
0.015609177
0.014939011
0.035654041
0.029980879
0.016730452
0.015016086
0.015045111
0.015488993
0.030702905
0.014905662
0.014918261
0.016502126
0.985031328
0.015235971
0.015759032
0.014961712
0.015024396
0.016998031
0.016347680
0.014959391
0.014861869
0.015423249
0.015168631
0.014946947
0.015739200
0.015229685
0.014947834
0.015821915
0.014854006
0.015549152
0.015182326
0.014982606
0.015862350
0.015202484
0.015558549
0.015608644
0.015545533
0.015915691
0.015306668
0.014958840
0.015659731
0.016683666
0.015242017
0.015451684
0.015609809
0.017121342
0.016216078
0.015662367
0.015888971
0.015043311
0.014947748
0.014972736
0.016208289
0.015997582
0.015090326
0.015780840
0.015090979
0.015258910
0.014991926
0.017020584
0.016534970
0.015652372
0.014837024
0.014991354
0.015140293
0.015704741
0.015860632
0.015370159
0.015509753
0.014887992
0.015486588
0.030739521
0.015870666
0.019330709
0.015682865
0.014865416
0.985075615
0.015667183
0.015677188
0.015068656
0.016546732
0.015005643
0.015082089
0.015093885
0.015479309
0.015021164
0.015294412
0.016389821
0.015619378
0.014959333
0.015616001
0.015395699
0.030652708
0.015325188
0.015305334
0.016769890
0.014937619
0.015342130
0.015640577
0.015588171
0.015659237
0.015067703
0.015182194
0.031127301
0.015444444
0.014973088
0.014988440
0.015024230
0.019286873
0.015599697
0.016419879
0.016382837
0.016384886
0.014978069
0.016602778
0.016328127
0.016610355
0.016347911
0.015900399
0.015512977
0.014983997
0.032226551
0.016815574
0.017171040
0.015132661
0.030986010
0.017061436
0.015009743
0.017432154
0.014908402
0.031196274
0.020043797
0.016149566
0.016384214
0.982657523
0.015604420
0.014942021
0.015671253
0.015821228
0.015259240
0.014921713
0.014900469
0.015142954
0.015535293
0.015801948
0.015536169
0.015770178
0.015909923
0.015404908
0.017397770
0.015399369
0.015019574
0.015108634
0.017146915
0.016567011
0.014959889
0.014898205
0.015410974
0.030201589
0.015489622
0.015162486
0.017039598
0.015703135
0.015310934
0.014963785
0.015561237
0.015701348
0.014940404
0.015542254
0.014862156
0.015349964
0.029979052
0.015697155
0.015027335
0.017034530
0.014897443
0.015688255
0.014893112
0.015287599
0.015015546
0.015017031
0.014987008
0.014942402
0.015099936
0.034510245
0.014958965
0.015661137
0.015708035
0.016794096
0.015271107
0.015554234
0.015765559
0.030345664
0.015323250
0.984287372
0.016950632
0.015204301
0.015628032
0.029988477
0.015357161
0.015260446
0.032627871
0.016035781
0.031117781
0.015251388
0.015918908
0.015100484
0.014953977
0.015058511
0.032263026
0.015412396
0.015809566
0.015543760
0.014848355
0.014940377
0.014988726
0.029964079
0.015378979
0.018665829
0.015288971
0.015478413
0.015670059
0.015441592
0.015116992
0.017665045
0.015453008
0.015352554
0.015708558
0.015607797
0.031323341
0.015284313
0.015052716
0.016479762
0.015404493
0.014979047
0.015582728
0.015409451
0.015566839
0.015424101
0.015975644
0.015202208
0.015859406
0.015014652
0.016443498
0.031049126
0.015499116
0.014952302
0.015394543
0.015654410
0.014971833
0.015279553
0.984867515
0.031841697
0.017799941
0.016361061
0.015477524
0.015224463
0.015272981
0.015245736
0.016427641
0.016504782
0.015085740
0.015201338
0.015446185
0.015110352
0.015221075
0.016837036
0.015306947
0.014981422
0.015239209
0.014965009
0.030253181
0.015263659
0.015652055
0.017116482
0.015078417
0.015662632
0.014914094
0.015231731
0.015212609
0.015391729
0.015474656
0.015032598
0.015612252
0.015201224
0.015304772
0.015408668
0.015932767
0.029783803
0.015298418
0.015227545
0.032656554
0.015629623
0.015691840
0.016578808
0.015204716
0.015708975
0.015793408
0.014893493
0.015266071
0.015517970
0.015086659
0.015516922
0.015054137
0.015106851
0.015097334
0.015564951
0.015499356
0.014940908
0.019631751
0.015417563
0.969509112
0.016165600
0.015724018
0.017082127
0.015637680
0.014901403
0.015193095
0.014927170
0.015347328
0.016216011
0.014921319
0.015246815
0.016108920
0.030295091
0.015516014
0.015750877
0.017642426
0.015062972
0.015249699
0.015442496
0.015622280
0.015753116
0.015568099
0.016733715
0.015470993
0.015070732
0.014941413
0.014895631
0.029999210
0.015357345
0.017900648
0.015038341
0.014979030
0.015092229
0.035914303
0.017977684
0.015305527
0.015054760
0.015321594
0.016656707
0.015494053
0.015614370
0.014956882
0.014960660
0.016886185
0.017086557
0.015348359
0.030744881
0.015338378
0.015418248
0.015170158
0.016740853
0.016588053
0.015559571
0.030011426
0.015276925
0.015325041
0.983016135
0.017088236
0.015537893
0.014910697
0.030022361
0.015062840
0.015204628
0.016599814
0.015594029
0.014957887
0.015261923
0.015633202
0.015047490
0.015178215
0.015593201
0.015759595
0.014983001
0.015307607
0.014947859
0.015175996
0.015206242
0.034108249
0.032193839
0.015212794
0.016353592
0.015712613
0.032183642
0.018086060
0.015690422
0.015620421
0.014997695
0.015516564
0.015384804
0.015617231
0.015576450
0.015597695
0.033473686
0.014908110
0.015130570
0.016632404
0.014989767
0.015211381
0.031448571
0.015222817
0.015188878
0.016614848
0.016601082
0.015036963
0.015329777
0.029847737
0.015082589
0.015072202
0.016487029
0.015101183
0.015001242
0.035964703
0.984207640
0.015824038
0.017386631
0.017399540
0.018186852
0.015059751
0.015113294
0.015087602
0.016535682
0.017055326
0.017429482
0.016525028
0.034129089
0.015087270
0.015292547
0.016283160
0.016983102
0.018000663
0.014998303
0.015181712
0.030366618
0.016508332
0.014985388
0.015042729
0.014986890
0.030423944
0.015195317
0.015011480
0.017410642
0.015622033
0.014874815
0.014858383
0.015115751
0.015346885
0.014898918
0.015773023
0.014848422
0.014863963
0.015566184
0.015169364
0.015131529
0.015351033
0.015694664
0.015479085
0.014900114
0.015196449
0.016802628
0.016995105
0.015063474
0.014887481
0.017449419
0.014865036
0.015314924
0.015739218
0.015611437
0.015130244
0.015185887
0.016774638
0.016323341
0.016353255
0.983975274
0.015380234
0.015032497
0.015308185
0.016906102
0.016266165
0.015563439
0.014916757
0.015465674
0.015032124
0.015192902
0.015573321
0.015148132
0.016183365
0.015515592
0.015003679
0.015317497
0.015460647
0.015605774
0.015613500
0.014897191
0.015476869
0.029978780
0.015292820
0.015722102
0.017975356
0.015739199
0.014971400
0.015211507
0.014906948
0.015155728
0.015140736
0.016540469
0.017591116
0.015322942
0.014909853
0.015424615
0.015108999
0.015254864
0.015102428
0.017441066
0.015143152
0.015401328
0.014922174
0.021868262
0.015850103
0.015598734
0.015054790
0.015972834
0.016296451
0.015386037
0.029900644
0.015315866
0.015220739
0.015044939
0.014966739
0.015189441
0.031941654
0.015748633
0.015784051
0.016710419
0.983377551
0.014977782
0.015129440
0.014963653
0.015349162
0.016619568
0.014947290
0.014964333
0.015500203
0.014874610
0.031948238
0.015358788
0.015011150
0.016390013
0.014906743
0.015213465
0.016422759
0.015016967
0.015282368
0.016945521
0.014981072
0.014879371
0.015050695
0.014945936
0.015094035
0.015264223
0.015189285
0.015134830
0.015162590
0.014981131
0.014991875
0.014849026
0.015269651
0.014862895
0.015078695
0.015400631
0.015198140
0.016906591
0.039993782
0.014832955
0.014926071
0.017037879
0.014893765
0.029724930
0.016063659
0.014949701
0.016401125
0.015032358
0.015084777
0.015634877
0.030754350
0.016367996
0.015603868
0.017031082
0.015371919
0.014917885
0.016181528
0.016716784
0.015022272
0.014842654
0.984646119
0.015840624
0.015568779
0.030591064
0.016268887
0.015392304
0.015570703
0.014913163
0.015174829
0.030011965
0.015179885
0.015391625
0.017927306
0.014837805
0.014917597
0.015580865
0.014906196
0.014979205
0.015110368
0.016911641
0.015099415
0.015902506
0.015600365
0.015049631
0.030152447
0.015210728
0.015040254
0.016659215
0.015698654
0.014958391
0.030299296
0.014981893
0.015584510
0.015371215
0.015649900
0.014982679
0.015357906
0.014953071
0.015826093
0.015648134
0.015031472
0.015115324
0.014890205
0.015101287
0.015031952
0.015979535
0.015273079
0.015370205
0.037804095
0.030921936
0.015110186
0.015008395
0.016264823
0.016041559
0.016053931
0.015686272
0.015058499
0.029953869
0.983601971
0.014984063
0.017275786
0.019774190
0.016560117
0.016527491
0.015007417
0.015136625
0.015003765
0.015360114
0.015214173
0.030146604
0.032806089
0.015702582
0.033084995
0.016552866
0.014941839
0.015310228
0.015277647
0.016420177
0.016447877
0.015485533
0.030042123
0.014972372
0.014948979
0.016626501
0.014888790
0.015425391
0.015571302
0.032558574
0.015023837
0.015567993
0.016682456
0.015693748
0.015568759
0.030346869
0.015346246
0.015058731
0.016582920
0.015193794
0.015236300
0.015730367
0.015334889
0.016386195
0.015117053
0.014941954
0.015684377
0.015934553
0.014971245
0.014900273
0.014914285
0.015751598
0.016389739
0.015242185
0.015305771
0.015531787
0.015607659
0.984049010
0.016388493
0.015701808
0.030425738
0.030656117
0.015313598
0.015993851
0.015118631
0.017368889
0.017020329
0.017136433
0.017061791
0.015071322
0.014996253
0.016259430
0.016443603
0.014992282
0.015192118
0.015413783
0.015789968
0.015030585
0.016454198
0.016396477
0.014935728
0.014855835
0.015134132
0.014956800
0.015366910
0.015107604
0.014904295
0.015469665
0.015618318
0.015590826
0.014965635
0.015154509
0.015942939
0.015459885
0.015580416
0.032122295
0.015837799
0.019712633
0.014952414
0.016357927
0.017677543
0.015045776
0.016665734
0.014965599
0.015319817
0.015515721
0.014928973
0.016369960
0.016670800
0.014942511
0.015477970
0.015720012
0.015013590
0.014972153
0.016656099
0.017159241
0.022210409
0.014890778
0.968770886
0.016174489
0.014940285
0.015367006
0.015046248
0.015191078
0.015573708
0.015487755
0.015772679
0.015437682
0.014940746
0.015091762
0.014921656
0.015106074
0.033208525
0.015195057
0.031852577
0.016770637
0.015746280
0.017334754
0.015012151
0.014946390
0.017415424
0.016755967
0.017214715
0.016220973
0.030036733
0.015376990
0.016231612
0.016625452
0.015668148
0.015597990
0.015799768
0.014997457
0.015696002
0.016557181
0.016706970
0.015619078
0.015707471
0.015246610
0.015383843
0.015247451
0.017184407
0.015966452
0.014985476
0.015158855
0.015467551
0.015565011
0.015869838
0.015740433
0.015261148
0.014961649
0.015143711
0.016552820
0.016697109
0.030094877
0.015384067
0.015075209
0.983283682
0.015772314
0.015492952
0.030627355
0.015941555
0.015463865
0.016553943
0.015557563
0.014901917
0.015430711
0.015020416
0.015466198
0.017144376
0.015098050
0.014990024
0.015480863
0.015648711
0.014966280
0.015620101
0.014963293
0.015457438
0.015914879
0.015237112
0.015745883
0.030689678
0.015092791
0.015311664
0.018731125
0.015240543
0.016559233
0.031586262
0.017114907
0.031296544
0.016656722
0.031763014
0.015488647
0.015481745
0.018897762
0.018555183
0.015577305
0.014907652
0.015010491
0.015321838
0.017214943
0.017759999
0.014852530
0.015248179
0.015721277
0.015484613
0.015405246
0.016835805
0.033300850
0.018491662
0.036944890
0.015489540
0.983942558
0.015282505
0.015767532
0.015428292
0.034464283
0.030356979
0.015055512
0.015082803
0.017420387
0.021938991
0.032696589
0.015579768
0.015238897
0.015796586
0.018787669
0.039820443
0.016883017
0.015032291
0.015069164
0.015329008
0.017164354
0.016862372
0.018929249
0.033232992
0.015130361
0.015231095
0.015844857
0.015324915
0.017846977
0.017126618
0.034582174
0.015150879
0.015295854
0.018175960
0.016808974
0.016432958
0.032994784
0.015120834
0.015077822
0.016835466
0.034835600
0.034580194
0.015447484
0.015905073
0.015196657
0.015105742
0.016972440
0.017076909
0.016540795
0.016375090
0.015041134
0.984874002
0.016796903
0.017532952
0.016751975
0.015491111
0.015697297
0.014983751
0.045517342
0.015333084
0.015494446
0.030409625
0.015642941
0.015564405
0.018183630
0.017017265
0.014992906
0.015304338
0.031686377
0.015062852
0.014873379
0.014844735
0.015279582
0.015288506
0.031369070
0.015217343
0.015791155
0.016835018
0.015462322
0.015085326
0.015253216
0.029983320
0.015285670
0.015540415
0.015116685
0.015030564
0.015933046
0.017851483
0.014986937
0.015293665
0.014957212
0.015043334
0.016796005
0.017627087
0.015561790
0.015029125
0.032815212
0.014990409
0.019478669
0.015535414
0.016899746
0.016821523
0.033000904
0.015150179
0.018240158
0.015073132
0.015411889
0.983145334
0.016795993
0.016861327
0.031855970
0.015322188
0.015187238
0.016892416
0.029758514
0.030151666
0.015216457
0.015459797
0.015351297
0.017366909
0.016800280
0.017141912
0.030102169
0.015042482
0.015495451
0.016771196
0.015225730
0.015644563
0.015544672
0.030120339
0.015774472
0.015616112
0.017737889
0.015034324
0.015069450
0.032295283
0.015494455
0.015558410
0.015667383
0.015668692
0.015529214
0.015671725
0.030261448
0.015687793
0.014997880
0.033032064
0.014968618
0.015591338
0.017618447
0.015449442
0.015217477
0.015832237
0.015665365
0.015486297
0.015221537
0.015224172
0.015062036
0.016359159
0.016798207
0.031777276
0.968277696
0.015125193
0.015082565
0.016278906
0.016618367
0.016621541
0.016557392
0.034085546
0.015034839
0.015042890
0.032694904
0.016365135
0.014883092
0.031851842
0.015101313
0.015034016
0.016878477
0.016691774
0.033120179
0.015777082
0.015469899
0.018926162
0.015260073
0.015688409
0.015035451
0.015451222
0.015244017
0.015106597
0.017263134
0.015554571
0.014898727
0.015429069
0.015527185
0.015002043
0.015066818
0.016350468
0.016335699
0.015325505
0.015587816
0.015666430
0.015026844
0.015072991
0.015776869
0.015663411
0.015015401
0.015375254
0.015352976
0.034187547
0.015144286
0.015593067
0.015213067
0.015575073
0.014966197
0.029924241
0.020403861
0.016300910
0.017324862
0.983496063
0.015070931
0.015169835
0.031760364
0.015282869
0.015198802
0.016645328
0.015519770
0.014962320
0.030222021
0.015227860
0.015101701
0.017182619
0.030324045
0.030208677
0.015199758
0.015171138
0.015810847
0.016732143
0.017228341
0.016660278
0.015593867
0.015068997
0.015092918
0.020839041
0.015381909
0.014852854
0.015375998
0.015505019
0.015091595
0.015157078
0.016636404
0.016322855
0.017186834
0.015452492
0.015663355
0.015221584
0.016065500
0.015389716
0.015015045
0.015259422
0.015758587
0.015356286
0.014975141
0.015349024
0.014916776
0.015274046
0.014936049
0.015367936
0.015735475
0.030175251
0.015167675
0.015270649
0.016701332
0.015207669
0.015638373
0.015042179
0.015311718
0.015045709
0.982916450
0.016809534
0.016578910
0.016715431
0.016460889
0.017314816
0.014991550
0.017041319
0.016745895
0.016478771
0.031622887
0.030238267
0.015456581
0.015173208
0.015309244
0.015591897
0.015136340
0.014987689
0.015345560
0.014923177
0.015205263
0.014986967
0.030537095
0.015286771
0.015091675
0.015106069
0.015017670
0.015395998
0.016812292
0.015334718
0.015004082
0.014924752
0.015092456
0.015085279
0.016525019
0.016679632
0.016003739
0.015748448
0.015511276
0.030316339
0.015410552
0.014957243
0.016411384
0.015077921
0.015561254
0.034302199
0.015065090
0.016428578
0.017117111
0.015768284
0.015931797
0.031626708
0.015010031
0.015734919
0.015341061
0.019600321
0.016504184
0.984429793
0.030468043
0.015865363
0.015354620
0.015482097
0.018261751
0.017685551
0.016992966
0.033058299
0.015199982
0.015216622
0.015155406
0.016788844
0.017373018
0.014960020
0.033077489
0.015084290
0.015021294
0.032546905
0.017513434
0.039182337
0.016860758
0.015175711
0.015332573
0.015856929
0.015203648
0.018881036
0.017543186
0.015421978
0.015172121
0.015122911
0.015242021
0.015570745
0.016194196
0.015822215
0.015538893
0.014968242
0.035763152
0.016375989
0.019005833
0.015079194
0.015607940
0.015442542
0.032022306
0.015306433
0.015397216
0.016286635
0.015517008
0.015775359
0.030495804
0.015354124
0.017555242
0.015022689
0.015276985
0.984405698
0.014949063
0.015086235
0.016253926
0.016047498
0.015042372
0.015662768
0.015172529
0.015621547
0.030708012
0.016068118
0.015775328
0.014992242
0.015525117
0.015257747
0.015786781
0.015621610
0.015064457
0.016275758
0.016495127
0.015266121
0.015952619
0.015512270
0.014982502
0.015496647
0.015348870
0.015641591
0.015546250
0.015625318
0.015620134
0.015615363
0.014851210
0.016159025
0.015174057
0.015374571
0.015784750
0.014984579
0.015129902
0.014959108
0.015276013
0.015560960
0.015732128
0.015536989
0.031145272
0.015655185
0.017047917
0.015107787
0.016277198
0.015014729
0.016171351
0.016243307
0.015018702
0.015761898
0.034386585
0.030046014
0.015127195
0.015425049
0.017186630
0.015289275
0.015128751
0.015049493
0.969228043
0.015284119
0.015331168
0.015315458
0.017451092
0.015588768
0.015189033
0.015603116
0.015385985
0.015234562
0.015179595
0.015789937
0.015547620
0.015523388
0.015002827
0.015012650
0.016512083
0.015156501
0.014926847
0.015566650
0.015044875
0.015629042
0.015347019
0.015096509
0.015650665
0.015091204
0.014977371
0.030069325
0.019258733
0.015469746
0.017972887
0.015160365
0.015527420
0.015606354
0.015039263
0.015744843
0.016795129
0.015069909
0.015851105
0.014872735
0.014952229
0.015427094
0.017272377
0.015508664
0.014914648
0.015479506
0.015098584
0.015291405
0.031087390
0.016517626
0.015322819
0.015482439
0.015367290
0.015191059
0.031852597
0.023739717
0.018135410
0.984975444
0.015906978
0.014948523
0.031624736
0.015749761
0.015487579
0.017836866
0.015119402
0.015595413
0.031007566
0.015645009
0.014979706
0.017400660
0.015347106
0.030675408
0.015245393
0.015394670
0.015247545
0.016782038
0.015316257
0.015534928
0.029988566
0.015847821
0.015830904
0.017019435
0.015098870
0.015495911
0.015661268
0.015238128
0.017132488
0.015568694
0.015305144
0.015054260
0.015448799
0.015628024
0.015475252
0.015488533
0.015154981
0.015435429
0.017362966
0.022083829
0.015400383
0.017320787
0.015345945
0.017676534
0.015297196
0.015187447
0.015266050
0.015898902
0.015166104
0.019431067
0.016120022
0.017313235
0.015437646
0.014970840
0.015351765
0.030251174
0.015847573
0.982433890
0.035698793
0.015304785
0.015092622
0.015382000
0.015736900
0.015255427
0.015537942
0.014929166
0.015381156
0.014932245
0.015147777
0.015192645
0.015069014
0.015217596
0.032071512
0.015556968
0.020329676
0.015008271
0.017255869
0.016553530
0.015522877
0.015018817
0.015450828
0.014959285
0.015025814
0.016623877
0.016582899
0.014922392
0.015437969
0.015530466
0.015091616
0.015037311
0.015375118
0.017847135
0.015630208
0.015316665
0.015055916
0.015216977
0.030270396
0.015050192
0.015026502
0.014875672
0.015047694
0.015255363
0.015714414
0.015315285
0.016527002
0.015083009
0.015449535
0.016033457
0.015076535
0.030300093
0.015301982
0.031846434
0.020920630
0.017548929
0.014985063
0.982703647
0.015525141
0.015281413
0.015220343
0.017582950
0.017278596
0.015506898
0.015737038
0.015742296
0.015472268
0.015371563
0.015239123
0.016501319
0.015010652
0.014940556
0.014983696
0.015230638
0.015000994
0.015711639
0.015191528
0.015494092
0.015718101
0.015504903
0.030109643
0.015089028
0.015534127
0.016987756
0.016968231
0.017466571
0.035097185
0.030272076
0.017042715
0.015123664
0.016512995
0.033031694
0.015070555
0.014970355
0.016410233
0.016437174
0.016390730
0.033048701
0.015150431
0.015044256
0.015167738
0.016602768
0.016385730
0.015376928
0.015908496
0.015426640
0.015179139
0.017692083
0.015547846
0.014999401
0.014978004
0.015070669
0.014966193
0.015283767
0.984960240
0.015793499
0.015035513
0.016021151
0.033186101
0.015151605
0.015582313
0.015256521
0.017263043
0.017181225
0.015238879
0.015127682
0.015129700
0.015426589
0.015069103
0.015476393
0.016775301
0.017647995
0.015266390
0.015088614
0.015162960
0.014993463
0.015458016
0.017396426
0.014938320
0.015051674
0.014971271
0.014919807
0.016262203
0.015396062
0.015515902
0.015799599
0.014985822
0.015009061
0.015821301
0.015701833
0.015613853
0.015446984
0.014998724
0.015311628
0.015643799
0.015122538
0.015045557
0.014980456
0.016330446
0.018537771
0.015260689
0.015437449
0.015594518
0.015812548
0.031013850
0.015134237
0.015384851
0.017861157
0.015140869
0.015034685
0.015061343
0.015000370
0.015317714
0.033830998
0.015782684
0.984662661
0.014919105
0.015551347
0.015567656
0.015469522
0.015853406
0.015761499
0.015437422
0.015125962
0.016108853
0.015367512
0.015377040
0.016013641
0.015025676
0.015730670
0.016163923
0.015079586
0.030364545
0.015046981
0.014985757
0.016829295
0.016769790
0.015184306
0.014927872
0.030629614
0.015126010
0.015117941
0.016996080
0.017416428
0.015582301
0.015126976
0.034886150
0.015124668
0.015532516
0.015217551
0.017288452
0.015414555
0.035494615
0.015874513
0.014963942
0.014847382
0.015193424
0.015095394
0.015425008
0.014907232
0.015276807
0.015987509
0.015295675
0.014969289
0.015511380
0.032268996
0.015437121
0.015569632
0.015011273
0.016543304
0.015450401
0.016876523
0.015433977
0.015149483
0.984768532
0.015221980
0.015896390
0.015771913
0.015536731
0.030397888
0.015503589
0.015396451
0.017037646
0.015327234
0.015636715
0.014853292
0.015001494
0.017881053
0.015658069
0.017222354
0.014916337
0.015265935
0.015088703
0.015530960
0.015217746
0.017474950
0.015030951
0.015494644
0.015507133
0.031157404
0.015126073
0.015211296
0.015813783
0.015557161
0.017147273
0.018010959
0.030450749
0.015359082
0.015697086
0.017137210
0.015197401
0.015510405
0.015455568
0.032182369
0.014974322
0.015413462
0.016517213
0.015543756
0.015638341
0.015727715
0.015320906
0.014883114
0.015298284
0.015258544
0.015467382
0.015476111
0.030194484
0.015216979
0.016042135
0.016721669
0.014907366
0.015194343
0.014992289
0.984715264
0.015568308
0.015213547
0.017153854
0.030692601
0.015907221
0.031220164
0.015908574
0.015042927
0.017114368
0.015079081
0.015547117
0.015200132
0.015124800
0.015288916
0.016778115
0.015318904
0.015027313
0.014935683
0.015892524
0.015642614
0.015068201
0.016338273
0.016660900
0.015263934
0.015523263
0.015014793
0.032314216
0.015655973
0.016565151
0.015282077
0.014954519
0.014979236
0.032476761
0.016066851
0.015109277
0.015032500
0.016039301
0.014958658
0.029789993
0.015185383
0.017941781
0.015470334
0.015583210
0.015303928
0.015534238
0.015022710
0.031272395
0.020629518
0.020987436
0.016648371
0.015722701
0.015353751
0.030438515
0.015921774
0.015270193
0.983327778
0.015931187
0.015659480
0.016168062
0.015415649
0.015865616
0.015835991
0.015545897
0.015345106
0.015044606
0.015058458
0.015277803
0.015122009
0.015077662
0.015101838
0.015358756
0.015669467
0.030110414
0.015254642
0.015652044
0.015429751
0.016655288
0.015308165
0.015815429
0.031095120
0.015089389
0.015469017
0.017469288
0.016012621
0.015391347
0.015682019
0.014938413
0.015799044
0.015802107
0.015314710
0.014890261
0.016036142
0.015264991
0.015706149
0.033029478
0.016167785
0.015264890
0.015110847
0.015034851
0.015285461
0.015116885
0.017009011
0.016307035
0.015870078
0.015926242
0.015783429
0.015127786
0.031116560
0.030697794
0.016665028
0.015014166
0.017381977
0.015075849
0.984589613
0.016935698
0.033836089
0.016014776
0.015364912
0.016947719
0.015245878
0.015699163
0.015056025
0.015225744
0.017508326
0.016571370
0.015610039
0.015874464
0.015406347
0.030655667
0.015414845
0.015562966
0.015452569
0.014935466
0.015060375
0.033302047
0.015610039
0.015335621
0.015505095
0.015122389
0.015071317
0.030095094
0.015081394
0.015195469
0.015292136
0.017056641
0.017137902
0.015608908
0.015863246
0.030241286
0.015268159
0.014996088
0.017309184
0.014883204
0.015573778
0.015564163
0.015020823
0.015121684
0.015807029
0.014989067
0.015302024
0.015557717
0.015860219
0.016369958
0.016328170
0.032688772
0.018037736
0.031756994
0.017066128
0.015242038
0.984501782
0.016666012
0.033501707
0.031958763
0.015265436
0.015111168
0.015416323
0.015341134
0.016858649
0.016449998
0.033599333
0.015090747
0.016256262
0.015307149
0.017591343
0.016771834
0.016850591
0.016699934
0.020084691
0.015651015
0.015233249
0.015646040
0.015711938
0.015331241
0.030921182
0.015309778
0.015361660
0.015168334
0.017240226
0.015316466
0.015754285
0.015178701
0.015133230
0.017928215
0.017137505
0.014905523
0.014897101
0.014975519
0.015126717
0.015803504
0.019192526
0.015521623
0.015039143
0.015167058
0.015638752
0.015242073
0.030074690
0.015216810
0.016018927
0.018061355
0.015590515
0.014896334
0.030213554
0.015285229
0.015813465
0.016712150
0.015352045
0.984220379
0.030101137
0.016946817
0.015209850
0.017229070
0.014926920
0.015298972
0.032270327
0.015336723
0.015875117
0.015510387
0.015677170
0.015507555
0.014937436
0.016166658
0.015302324
0.015527668
0.015085715
0.017288635
0.016664301
0.015247626
0.015156574
0.017211988
0.016414605
0.015500348
0.015439723
0.014866109
0.015011695
0.015059527
0.016170812
0.016944484
0.014984737
0.015452913
0.015499709
0.029999605
0.015336821
0.015465463
0.017355332
0.015100140
0.015271815
0.030478896
0.015490794
0.015383652
0.014927396
0.015260649
0.014958198
0.015477554
0.014996580
0.015184116
0.015561686
0.015059945
0.015238810
0.015595724
0.031020404
0.018227452
0.015245111
0.015277083
0.018145721
0.015624187
0.984628005
0.015013048
0.015143784
0.031206857
0.015679830
0.015650110
0.016653822
0.015453230
0.015647743
0.033168738
0.016050772
0.015345829
0.018925415
0.016143581
0.015498220
0.030199933
0.015754136
0.015574504
0.014969592
0.015012676
0.015094856
0.014975185
0.015196289
0.015915948
0.015310213
0.015584766
0.014914420
0.015086920
0.031103522
0.015079574
0.032610688
0.017382812
0.016025996
0.021630099
0.016884477
0.016096512
0.015200489
0.015741063
0.017384781
0.014987284
0.015062240
0.015155092
0.015260142
0.015012898
0.015163225
0.018103349
0.015123989
0.015141862
0.019775945
0.016257428
0.030409857
0.018170072
0.015345321
0.016475530
0.015125969
0.016092170
0.969944655
0.015410032
0.015723230
0.015160100
0.015960398
0.033767920
0.015277116
0.015745920
0.015660314
0.015506307
0.015586952
0.015077318
0.015053112
0.030741811
0.015325738
0.015069496
0.017955938
0.015668538
0.015711263
0.014939445
0.015272595
0.015656137
0.015738551
0.015290843
0.015850941
0.015431854
0.015028934
0.015029741
0.016631133
0.016726959
0.014905395
0.015472632
0.015676879
0.015515278
0.015007188
0.016793170
0.015576823
0.015677278
0.015687106
0.015327109
0.015029211
0.015739604
0.015612226
0.015261044
0.017094409
0.018229064
0.015967424
0.015009048
0.015123439
0.015291894
0.017292618
0.017963346
0.015773084
0.015876398
0.016676296
0.016133719
0.015642323
0.016717185
0.016814835
0.015241717
0.967984322
0.015047034
0.016465915
0.015992589
0.017266256
0.015528370
0.015411756
0.015101475
0.015211186
0.015148604
0.014902084
0.016252699
0.014894360
0.014970558
0.014907534
0.015426983
0.015972600
0.015854120
0.015468920
0.015031569
0.015091958
0.016859048
0.015427160
0.030231110
0.016653176
0.020412483
0.015262340
0.014873599
0.015361179
0.030211059
0.015903437
0.017252200
0.014998818
0.014984072
0.015622896
0.015548953
0.015091620
0.015296893
0.017620219
0.015591840
0.014864051
0.014919767
0.015068502
0.014952994
0.015506255
0.015378222
0.014938255
0.015178877
0.015018136
0.030938110
0.015082397
0.015696227
0.015503933
0.015359677
0.031138060
0.016809963
0.030943275
0.017504784
0.014891567
0.984926348
0.017091192
0.016350598
0.015476878
0.015356039
0.015970681
0.016876205
0.015795500
0.014989383
0.014979275
0.015780898
0.015076573
0.015437507
0.017083042
0.015096460
0.015753145
0.015447549
0.015512359
0.014994754
0.015674456
0.015335416
0.014939592
0.015272447
0.015677925
0.014840500
0.031322579
0.016475719
0.015391226
0.014960047
0.015231533
0.014964407
0.030559832
0.015044847
0.015713128
0.015598945
0.016648863
0.015011782
0.015279437
0.015664361
0.015077392
0.015267498
0.016547374
0.033070134
0.015566963
0.015615497
0.015595162
0.015627557
0.016919256
0.017198041
0.015158871
0.014874074
0.015667207
0.030481633
0.014934020
0.015349332
0.015038593
0.014912274
0.014927356
0.014892711
0.015357481
0.015320413
0.985065236
0.015130062
0.015715516
0.014938606
0.015369529
0.015184412
0.030317080
0.015294542
0.015250289
0.015325646
0.016489622
0.014904076
0.015036714
0.015088573
0.015203930
0.015095444
0.017332125
0.016995538
0.015434963
0.015720897
0.015725222
0.015425586
0.015101558
0.015198920
0.016603289
0.017431804
0.015763613
0.016167025
0.015947551
0.015258261
0.015001636
0.015153669
0.015354132
0.014963434
0.014870403
0.018582715
0.031933102
0.015649662
0.015445620
0.015762346
0.015836622
0.030966012
0.015032618
0.015339356
0.016706272
0.015190381
0.016859187
0.015713912
0.015110846
0.015509345
0.015185960
0.015319219
0.015093943
0.017383351
0.017274532
0.015468661
0.015035956
0.015643828
0.032145479
0.015446095
0.984686900
0.018469859
0.015599212
0.015913850
0.015288426
0.015244948
0.015492960
0.015406576
0.015165708
0.015425231
0.015444151
0.015131773
0.016271872
0.015633637
0.015972773
0.015253379
0.015571631
0.015155539
0.015167061
0.030048500
0.015120371
0.015148910
0.016722979
0.016631092
0.015137249
0.015816685
0.015200332
0.015289499
0.015797356
0.036348510
0.016215034
0.015703415
0.015672495
0.015203484
0.015055692
0.016567519
0.016004740
0.015247553
0.015576761
0.014980926
0.030624730
0.015093845
0.016161505
0.015727477
0.015680406
0.015559285
0.014945656
0.015316338
0.015480271
0.015547964
0.015546925
0.015424003
0.014987181
0.015205117
0.030328615
0.015369619
0.036996142
0.015499928
0.984848603
0.015224721
0.015103203
0.015764470
0.016135879
0.015048552
0.015445436
0.015190914
0.014958812
0.015552450
0.016226287
0.015410043
0.017346024
0.015714427
0.015449651
0.015455475
0.032555156
0.014943037
0.014909511
0.017202537
0.015169551
0.015438425
0.014931061
0.015350298
0.015777938
0.015730053
0.015415396
0.015707080
0.015622377
0.014947805
0.015236727
0.015206491
0.015813170
0.016341606
0.015654796
0.015633591
0.015062304
0.030132198
0.015127353
0.015358303
0.016569005
0.015571713
0.015569249
0.030096036
0.014958730
0.015510382
0.017589277
0.015527967
0.015144888
0.016381085
0.031391842
0.015643931
0.015445121
0.017529813
0.015633103
0.015223217
0.015215331
0.015060965
0.014928382
0.984919164
0.015501677
0.015299088
0.015011041
0.015195426
0.030846151
0.016160072
0.021389200
0.016506458
0.015688549
0.014979511
0.016343855
0.037148169
0.019282549
0.015125855
0.015197603
0.014917365
0.015383843
0.015072787
0.015561407
0.017106801
0.014957455
0.015431418
0.015448150
0.015109241
0.029938359
0.017369598
0.015932970
0.016364023
0.014920080
0.015430692
0.015020682
0.015407238
0.015033440
0.015053380
0.015825161
0.015430358
0.015003931
0.015015083
0.015846613
0.015633577
0.030540909
0.015344657
0.015026761
0.017041581
0.014939244
0.016357957
0.017310020
0.015365094
0.017049151
0.015155645
0.014975487
0.015021524
0.016553361
0.016374178
0.015211570
0.015105805
0.014906088
0.015399172
0.015069059
0.984490592
0.017452935
0.014917614
0.015191657
0.015499749
0.015076285
0.032894012
0.016152163
0.015059299
0.015409201
0.014931202
0.016205145
0.015761000
0.015055135
0.015040925
0.015583412
0.015080986
0.014917765
0.015067111
0.015829314
0.017474439
0.015510873
0.015668470
0.017542161
0.015064201
0.014983178
0.014875469
0.015336478
0.030386181
0.017637935
0.015633145
0.014938949
0.015291022
0.015019578
0.015711839
0.015951454
0.015301632
0.018814839
0.018411951
0.015568430
0.015431492
0.015777581
0.030197274
0.015374505
0.015380697
0.014934066
0.014863891
0.015002121
0.030800340
0.015137825
0.015126767
0.015083809
0.015312444
0.030005599
0.015261860
0.015435794
0.018256671
0.016634598
0.985078361
0.014878235
0.015564157
0.036276198
0.017524568
0.017396742
0.016064260
0.015918594
0.015518403
0.030185810
0.015742424
0.015600871
0.016587832
0.015703385
0.015347697
0.015652746
0.015050216
0.015147660
0.014834648
0.015735910
0.015324935
0.014899655
0.015347597
0.016113653
0.015294170
0.015008967
0.015172630
0.015554684
0.015005510
0.015146305
0.015014455
0.016139511
0.018247250
0.015114333
0.017107076
0.015483205
0.014960625
0.015018850
0.016270804
0.017197341
0.015623984
0.015226319
0.030954967
0.016795290
0.015554808
0.015258007
0.016688487
0.015538079
0.015140694
0.014975797
0.015153426
0.015149571
0.016361717
0.016820125
0.015019425
0.015352428
0.015380347
0.015607761
0.015594957
0.015987859
0.984577247
0.015563835
0.015297588
0.016140766
0.015360158
0.015644053
0.015049348
0.015498954
0.015502942
0.017887684
0.015159644
0.015215070
0.030602084
0.015454538
0.015552010
0.015870374
0.017324717
0.014956757
0.015069449
0.015825077
0.015060383
0.016888269
0.015557802
0.015770128
0.014908823
0.015235128
0.015042935
0.015332790
0.017099219
0.015090242
0.015239533
0.015034178
0.015180030
0.015097357
0.015255362
0.015472440
0.015368283
0.015007381
0.015621525
0.015036902
0.015221257
0.015230383
0.014937903
0.015586432
0.014883348
0.015638149
0.016456431
0.016556470
0.015031545
0.015292867
0.016607548
0.015004097
0.015151521
0.015831292
0.015680712
0.015303568
0.015316723
0.015563666
0.017711867
0.015085273
0.015900877
0.015039896
0.015412663
0.985041893
0.015238004
0.016362403
0.015013810
0.015194338
0.015597535
0.014969592
0.015333627
0.015688804
0.015623961
0.015557112
0.015044920
0.014984883
0.015029646
0.015327675
0.015303693
0.015661351
0.016163409
0.030894665
0.015133360
0.032213065
0.015362200
0.014989256
0.015133240
0.017976218
0.015677301
0.016520862
0.016615198
0.016413427
0.016448385
0.015082338
0.016329175
0.016442546
0.016566969
0.016827062
0.016774885
0.031970858
0.015094909
0.015053884
0.016588759
0.016406719
0.016825515
0.032321861
0.015113122
0.015132838
0.016597930
0.015568197
0.014990757
0.030021832
0.015357469
0.015406640
0.015369831
0.016698481
0.014867088
0.014919611
0.036251045
0.015025921
0.016128915
0.984019328
0.017317406
0.015045785
0.015504896
0.029786037
0.015373684
0.015518045
0.016788048
0.015318938
0.014996209
0.015312354
0.030177248
0.015516119
0.015203396
0.018250219
0.015286723
0.015112207
0.015221436
0.015575556
0.015642962
0.014951018
0.015137405
0.015863427
0.015631002
0.015175395
0.015289314
0.015217703
0.014983291
0.015388385
0.015585491
0.029640820
0.017358856
0.014995393
0.014997527
0.015770443
0.016674066
0.015655015
0.014934315
0.015044555
0.015113833
0.014981583
0.015274911
0.015429120
0.014980306
0.015199343
0.015066117
0.015238378
0.015353247
0.016729844
0.016358725
0.015645100
0.015777374
0.015346988
0.030426652
0.015631882
0.015041719
0.017080143
0.015675128
0.964926182
0.015057517
0.015367241
0.015712040
0.015844550
0.021238447
0.015056305
0.015337351
0.015105412
0.016670407
0.016907482
0.015467531
0.015726642
0.030313936
0.015844522
0.015249541
0.016629248
0.015454460
0.015194764
0.015829835
0.015759703
0.015409010
0.015644334
0.017707538
0.015523830
0.016227948
0.030629049
0.015246770
0.015192688
0.016821404
0.017808780
0.015984643
0.014988658
0.015549780
0.015114219
0.015364137
0.015570236
0.015689940
0.014995564
0.029918096
0.015438463
0.015070392
0.015302462
0.015822936
0.016779787
0.015214362
0.015564779
0.015116507
0.015260971
0.015335743
0.015899864
0.015405586
0.030075847
0.015458617
0.015740915
0.016527820
0.014960419
0.015267487
0.984787246
0.015204200
0.015052151
0.015010772
0.015751580
0.015540060
0.015581849
0.014905224
0.015453970
0.015805762
0.015330156
0.015616117
0.015727480
0.015671492
0.015551741
0.014940433
0.030449770
0.017811019
0.015029906
0.030334482
0.015290816
0.018851601
0.031490742
0.016567651
0.015420393
0.016098302
0.015265609
0.015619478
0.014977165
0.015397814
0.018288042
0.015315773
0.015585401
0.015478085
0.015778657
0.014983138
0.015396890
0.015004577
0.016553967
0.016381492
0.014894877
0.015521125
0.015010920
0.015237199
0.015642737
0.015403669
0.015513398
0.014945114
0.015593568
0.015009264
0.014906894
0.015603505
0.016499211
0.015024723
0.014969679
0.014967553
0.015593140
0.016858880
0.031367021
0.982352483
0.018127019
0.015141741
0.015097015
0.015020322
0.015024151
0.015030037
0.016177015
0.016235978
0.014858397
0.015003217
0.014980119
0.015600625
0.030080583
0.015292173
0.016185096
0.016982138
0.015023654
0.015761007
0.015602085
0.015845350
0.015483737
0.015035044
0.015095687
0.015043077
0.015366285
0.030636877
0.015119687
0.015682012
0.015263503
0.015981782
0.031157677
0.015614760
0.015380950
0.015731383
0.014918990
0.015089004
0.015943070
0.015474952
0.030883649
0.015627724
0.014962998
0.016787605
0.014922276
0.015105190
0.015025781
0.015150724
0.031444889
0.015359568
0.015623833
0.015483195
0.015201945
0.015660132
0.016463994
0.015680299
0.016502889
0.016355941
0.014918190
0.015244939
0.984598166
0.030275273
0.015016211
0.015625697
0.015433637
0.014917283
0.015222934
0.030116784
0.015440799
0.015288283
0.021818900
0.015619200
0.015496612
0.014951229
0.035263826
0.015087377
0.014990532
0.016551164
0.015847713
0.015635342
0.014874179
0.015504562
0.015796387
0.017102810
0.016215230
0.016399933
0.015553493
0.015284833
0.031551846
0.015594346
0.015229639
0.015233861
0.015383763
0.014943908
0.015294583
0.032047881
0.015665949
0.015354118
0.015083230
0.015019971
0.015096527
0.030697366
0.015384882
0.016010032
0.018106430
0.015454042
0.015013501
0.015217861
0.030381346
0.015062507
0.015663257
0.016862043
0.015793634
0.015277567
0.015033136
0.030995069
0.984860151
0.015977391
0.018856638
0.015950838
0.015443207
0.015593237
0.015434975
0.014920811
0.015368399
0.015168949
0.015707888
0.015546599
0.030556831
0.015206172
0.015160185
0.015825997
0.015619991
0.015106400
0.015271003
0.015039374
0.016138420
0.015091680
0.017034852
0.016735135
0.015087810
0.015032234
0.015504942
0.015217374
0.015276631
0.017632660
0.017371923
0.015528989
0.015024566
0.015314426
0.016543430
0.015073560
0.017099558
0.016753769
0.015576828
0.015666754
0.014920249
0.015024525
0.015178401
0.018578600
0.015249688
0.014879460
0.015483115
0.030919819
0.015688236
0.014933855
0.014939601
0.015254561
0.015424533
0.015780705
0.015130186
0.032011756
0.015204866
0.031545531
0.015867414
0.015890568
0.985017405
0.015219769
0.016756511
0.015013554
0.015274415
0.014895077
0.015491184
0.015515382
0.014911712
0.015288596
0.014956895
0.015415046
0.015639116
0.031906723
0.015034565
0.015120245
0.015044585
0.016897970
0.017141180
0.016658472
0.035170829
0.015065214
0.015518485
0.017534545
0.016759874
0.016635787
0.033156404
0.015164992
0.015068722
0.016412501
0.016401816
0.016783950
0.033432104
0.014948014
0.015014460
0.014957290
0.016035682
0.014944135
0.030170772
0.015288451
0.015704538
0.015280571
0.031170486
0.016371381
0.015078977
0.016662913
0.033445788
0.015045647
0.015224127
0.015018566
0.016299791
0.016717257
0.016682420
0.033323842
0.015064322
0.983815641
0.032706100
0.015105836
0.015081150
0.032989877
0.015165297
0.014997526
0.015045393
0.016624763
0.016495477
0.038126797
0.015088779
0.015235475
0.017028606
0.017318455
0.016549862
0.034831240
0.015141210
0.015098364
0.016535877
0.016255526
0.016605344
0.016594553
0.016170356
0.017788857
0.015126605
0.016459449
0.016526915
0.016331165
0.033040147
0.015232416
0.015121325
0.015025243
0.023106413
0.016496168
0.016814542
0.035028303
0.015322967
0.015046003
0.015658148
0.016964414
0.016406194
0.033605918
0.015026261
0.015390761
0.038933143
0.017402755
0.031529640
0.014969018
0.015014211
0.015386730
0.015008322
0.983066508
0.017438232
0.016622772
0.033313356
0.016773023
0.015102004
0.015382824
0.015753915
0.017515117
0.017135736
0.035464334
0.015402779
0.015172801
0.015138874
0.015444445
0.034031650
0.016753413
0.031542706
0.015542417
0.015566620
0.017022755
0.016676704
0.017278317
0.034358442
0.015119102
0.015253999
0.015260871
0.015207289
0.033558940
0.016908748
0.031539595
0.015615432
0.017603217
0.015138995
0.016444202
0.033256521
0.015314489
0.015447870
0.015618857
0.016306657
0.034086944
0.031628403
0.015399892
0.015311979
0.015132907
0.015091637
0.016892648
0.016857013
0.019048312
0.016931258
0.983222929
0.015137061
0.037261029
0.019190769
0.031496279
0.015005289
0.015331400
0.016853296
0.016318863
0.016923425
0.016507903
0.016587149
0.020083994
0.017309485
0.016654431
0.015252529
0.016560998
0.034191440
0.015181397
0.015445104
0.015107741
0.016952048
0.016950526
0.033365764
0.015432172
0.015549578
0.015344764
0.015100455
0.016924883
0.016529776
0.016559533
0.033937931
0.015252958
0.015410152
0.015853963
0.017645906
0.016798544
0.016721616
0.016567285
0.018645246
0.016472994
0.016475126
0.016694686
0.016523233
0.033101404
0.015222629
0.015560606
0.017017186
0.016713157
0.016528678
0.032893866
0.015169461
0.015410404
0.016702751
0.983284881
0.016584387
0.032796572
0.014974993
0.014953656
0.015093854
0.033575794
0.016578631
0.031420123
0.015361996
0.015364794
0.016812270
0.016503487
0.016379165
0.033386889
0.015314162
0.015129963
0.015195301
0.037614433
0.015303623
0.032085150
0.016688868
0.015036209
0.015123917
0.016512436
0.016473462
0.016274245
0.032870224
0.015019503
0.014976379
0.014959279
0.016318974
0.032872891
0.032542337
0.015201101
0.014995412
0.016444946
0.016606575
0.020242646
0.031734544
0.015097536
0.015051338
0.016900433
0.033586820
0.036066100
0.015080726
0.015134871
0.015175327
0.020593721
0.016660051
0.982796472
0.034238230
0.015373652
0.015151893
0.015563128
0.015458196
0.016742508
0.016992318
0.017231634
0.016900516
0.019646621
0.016676568
0.016428040
0.014887940
0.015664991
0.014906568
0.029982324
0.015033851
0.030310343
0.016833607
0.015279088
0.035150860
0.016029253
0.015712067
0.015896547
0.020567092
0.015281760
0.020696729
0.015386509
0.015711550
0.016104651
0.016877227
0.015128103
0.015552137
0.015106605
0.030047535
0.015142093
0.015902415
0.016299019
0.016693758
0.033631197
0.015067592
0.019610870
0.015656536
0.016679159
0.017232604
0.030275809
0.030660779
0.014980762
0.014998971
0.017282545
0.015029030
0.984686167
0.015462836
0.015599501
0.015607256
0.017133230
0.015638768
0.015600645
0.015618447
0.015000838
0.015004933
0.014970520
0.015018552
0.015168265
0.015755757
0.015071315
0.015125166
0.015514645
0.014886658
0.015510491
0.015586613
0.015502855
0.015078424
0.015229307
0.015308149
0.015344601
0.015055429
0.015021878
0.015671579
0.015388614
0.014871115
0.030111971
0.015967201
0.015279897
0.015492838
0.014860947
0.014878531
0.015128164
0.015696169
0.015396225
0.015451851
0.015789189
0.015476321
0.031121682
0.015694187
0.015502066
0.015437230
0.015200605
0.015328041
0.015656884
0.015635924
0.034093781
0.015021381
0.016842963
0.015397411
0.016986377
0.015219248
0.035148760
0.034690976
0.984775213
0.015373229
0.015233151
0.015570964
0.015297334
0.016904315
0.018031478
0.033489743
0.015483632
0.032161278
0.032533888
0.033154732
0.020048641
0.015334912
0.015234728
0.015492339
0.015292193
0.018257974
0.019089687
0.015147335
0.015217468
0.017740158
0.015925074
0.016140658
0.019824128
0.015330719
0.015027761
0.031745388
0.015607512
0.019134333
0.015117744
0.016675721
0.016485636
0.030319893
0.015379336
0.014905492
0.016473871
0.016504162
0.016607174
0.016574197
0.016224511
0.016618068
0.017140565
0.017476934
0.022549468
0.015374743
0.015139867
0.015312023
0.016336080
0.016713835
0.014852017
0.015387723
0.014942807
0.017101365
0.016713419
0.983440227
0.017006998
0.015835000
0.015390197
0.030335169
0.030292637
0.016737809
0.014961493
0.016446942
0.030473451
0.015047649
0.015141188
0.016737204
0.016383398
0.015085592
0.015192340
0.015029653
0.015422947
0.014978931
0.015035698
0.015991982
0.015573317
0.015632584
0.015386218
0.015693698
0.014904998
0.015205897
0.014984257
0.015068672
0.015647225
0.015638571
0.015029622
0.015192527
0.015133560
0.015292307
0.015467485
0.015674799
0.015621994
0.015117135
0.015054625
0.015741254
0.014977648
0.015389362
0.014868413
0.015232067
0.015003782
0.015682048
0.017091403
0.014983350
0.015012192
0.014976692
0.015685469
0.030188534
0.015689362
0.015096445
0.015238078
0.015713330
0.015656681
0.030978485
0.015105054
0.984730300
0.016637859
0.015412844
0.014910653
0.015526981
0.032749405
0.016468203
0.015019406
0.031368811
0.014952584
0.016380506
0.015321269
0.033194451
0.015394406
0.015031473
0.017072454
0.033653875
0.031568784
0.015309894
0.015366047
0.016691938
0.032748783
0.016855476
0.017357079
0.015089696
0.015076007
0.015134795
0.016840216
0.016938912
0.016769241
0.032929071
0.015206016
0.015533796
0.015156712
0.016742282
0.016489796
0.033645211
0.019941678
0.014966568
0.015081564
0.015136661
0.033128092
0.020248387
0.032384460
0.015662839
0.017149015
0.016992807
0.016869677
0.014974424
0.015123321
0.015701462
0.015130378
0.965545410
0.016170468
0.015178267
0.032926536
0.015180482
0.015214351
0.016601281
0.014839003
0.015455924
0.015001429
0.031773185
0.015769507
0.015116594
0.016525928
0.017177265
0.015079612
0.014962578
0.015049857
0.014928311
0.030261350
0.018888578
0.015278842
0.015622394
0.030170080
0.015090335
0.015411906
0.016467925
0.015595793
0.015667226
0.030195650
0.015011623
0.015214462
0.016756743
0.015523270
0.015543103
0.015527429
0.015000431
0.015012810
0.015039126
0.015567425
0.015732851
0.015656663
0.029877346
0.015661844
0.014885445
0.016581817
0.014948509
0.015249859
0.030172865
0.015499317
0.014975635
0.014975022
0.015158875
0.031045209
0.016863689
0.984809516
0.017234353
0.017788538
0.014978808
0.015040620
0.014976155
0.015558720
0.015238960
0.015094378
0.015515088
0.016520794
0.014977545
0.015390436
0.015536999
0.031091994
0.015666560
0.015027081
0.017241230
0.015538371
0.014965064
0.031193297
0.015266511
0.015827768
0.015647026
0.015471235
0.015193119
0.031798689
0.015421641
0.015007046
0.015262382
0.014948235
0.015122040
0.030227387
0.014978522
0.015354174
0.015056864
0.016887505
0.018105240
0.015671852
0.015509716
0.030024404
0.014998488
0.015421155
0.016569812
0.014981903
0.015350397
0.015110915
0.015075383
0.015592122
0.016835858
0.016569222
0.015301856
0.015067290
0.015356783
0.015032038
0.016372782
0.015527501
0.015371861
0.015107199
0.015087645
0.984946712
0.030396706
0.015262181
0.015788361
0.015826223
0.015283449
0.014931253
0.015036932
0.014974859
0.015053483
0.015247943
0.017314135
0.017658860
0.015114619
0.015367829
0.015611160
0.015545368
0.015049285
0.015117197
0.015399506
0.015608910
0.015445681
0.030570532
0.015057439
0.015314545
0.017721970
0.015000463
0.015198623
0.029898639
0.015780616
0.015206356
0.016717154
0.015206194
0.015317815
0.030349004
0.015293385
0.015704102
0.015466390
0.015001750
0.015343766
0.015954847
0.015286159
0.015136659
0.015223141
0.014939769
0.015394291
0.017126693
0.015059704
0.015734701
0.015398265
0.031007496
0.015109026
0.015269376
0.016144356
0.015098397
0.015570368
0.015114174
0.030108448
0.984361530
0.017920020
0.015171100
0.015183512
0.015161864
0.015322043
0.014971347
0.015028656
0.014962252
0.015514460
0.015010231
0.015096346
0.015041606
0.015097786
0.034389566
0.015075742
0.015173076
0.016994176
0.015494061
0.015612585
0.015691652
0.030970339
0.015086485
0.014893169
0.033344461
0.016376163
0.015469979
0.030511813
0.018988275
0.015417872
0.017344843
0.017178596
0.030018423
0.015749441
0.015851667
0.016225877
0.014883978
0.014968633
0.015001275
0.015774776
0.015369857
0.015449626
0.014949702
0.015165884
0.033713737
0.015454276
0.015326236
0.015650908
0.015376495
0.017035597
0.015065344
0.016443091
0.031892936
0.015473962
0.030315944
0.016456856
0.984583370
0.036293471
0.015509816
0.015257810
0.015223518
0.015248592
0.015056157
0.016809313
0.016946902
0.014991052
0.014988198
0.015084956
0.033093426
0.017689178
0.015651621
0.031587408
0.015097360
0.015177182
0.015588665
0.017733465
0.016426299
0.016820363
0.015388154
0.030240336
0.015097578
0.016665784
0.015849375
0.016795575
0.015387306
0.030536982
0.015241486
0.015237200
0.017198073
0.015555421
0.016899822
0.016583313
0.032195001
0.015071876
0.015678632
0.015930937
0.014851419
0.015108615
0.015646312
0.015068116
0.015190234
0.018119922
0.018480131
0.017560726
0.017925100
0.015161541
0.014971774
0.015627895
0.021287136
0.015328627
0.015631904
0.984955419
0.015607182
0.015093319
0.015118804
0.015071156
0.015195327
0.016047953
0.015315173
0.015070071
0.030781136
0.018324777
0.014909916
0.014967289
0.031376329
0.015097267
0.015558461
0.016584500
0.014984007
0.014967492
0.014918682
0.030167028
0.015159861
0.017498776
0.015402954
0.015831946
0.015387914
0.030078063
0.015068932
0.015187406
0.016698522
0.015662758
0.014920006
0.030187326
0.015225823
0.015135213
0.014851798
0.015482231
0.015491289
0.014933299
0.015361349
0.015086608
0.015190614
0.015783854
0.014976874
0.015080051
0.016956815
0.016736689
0.015612911
0.015117647
0.017176577
0.017177633
0.017448919
0.016552590
0.029714832
0.016008942
0.015559690
0.020688961
0.015777146
0.984557364
0.015553428
0.015027906
0.015142406
0.015752525
0.015013491
0.015325054
0.015633296
0.015656060
0.015104298
0.015396567
0.015130016
0.015140732
0.015548915
0.015363602
0.014882463
0.014875039
0.015062539
0.015585044
0.015139184
0.015279760
0.014936638
0.015300767
0.015069551
0.031515478
0.015328265
0.015556571
0.016930866
0.015744708
0.014863450
0.030626178
0.015206642
0.015548203
0.016673535
0.015611979
0.015592207
0.015543256
0.030212188
0.015742002
0.015502325
0.016719450
0.015412433
0.015820505
0.015083704
0.015600420
0.016257230
0.014932322
0.015316615
0.015656136
0.015288003
0.015454286
0.015238227
0.015283551
0.015879315
0.015496975
0.014961186
0.014987951
0.014877112
0.030522296
0.015292651
0.978929362
0.015063001
0.015612318
0.017548986
0.015519203
0.015141926
0.015148595
0.015490449
0.014917965
0.015444690
0.015465771
0.015699758
0.015546889
0.031242947
0.017747875
0.015060455
0.015209835
0.015447871
0.014966895
0.016390208
0.018342570
0.015680795
0.015864703
0.015427265
0.030186579
0.016039009
0.016278288
0.015636685
0.015097040
0.015190105
0.015626694
0.030343468
0.015287790
0.015327959
0.016165861
0.015302813
0.015782784
0.014985599
0.015070223
0.036199059
0.015659030
0.014921870
0.014943268
0.014925238
0.015148346
0.015167563
0.016501011
0.015271960
0.015550620
0.030854079
0.015167803
0.015177952
0.014942495
0.014973560
0.014914679
0.016436887
0.016260472
0.016655415
0.982506399
0.016681873
0.015036608
0.015102618
0.016651849
0.016818456
0.034608664
0.016660962
0.015053614
0.015158991
0.015047276
0.016496631
0.016855785
0.033343948
0.016154749
0.014964890
0.014952269
0.016569108
0.016432445
0.016767561
0.032993250
0.015311491
0.015260379
0.015201347
0.016518819
0.016511187
0.016128032
0.033077839
0.015023610
0.015366692
0.017392695
0.017147540
0.016558374
0.016751874
0.017110718
0.015181864
0.015199097
0.016705644
0.016752710
0.016982586
0.032944315
0.017377553
0.015406907
0.015032918
0.016265533
0.015007363
0.015509521
0.031059891
0.015599454
0.015009863
0.015403415
0.015656593
0.015475193
0.015656498
0.014946727
0.014930530
0.984931365
0.015534165
0.015275503
0.014999210
0.029810179
0.038461469
0.017594511
0.015772160
0.015605525
0.030984340
0.016109951
0.015133191
0.016789663
0.015639505
0.015120763
0.015161644
0.030292391
0.015626848
0.015154103
0.015196506
0.015033859
0.030552091
0.015448133
0.015023842
0.017071106
0.014959524
0.015033454
0.033174861
0.015351213
0.015561625
0.014982240
0.015187705
0.016220885
0.014968474
0.020144643
0.030995967
0.015131453
0.015588616
0.016680146
0.015135089
0.015494838
0.015755830
0.019350831
0.015780545
0.015572176
0.014998524
0.015274400
0.015136735
0.015174581
0.015354980
0.017096558
0.015773648
0.015062573
0.014955391
0.015469634
0.969716557
0.015395375
0.016082037
0.014884083
0.015590174
0.030137793
0.015740989
0.015546475
0.014855289
0.015400605
0.014905434
0.015213148
0.015248554
0.015047124
0.015242135
0.015123433
0.015131058
0.017022962
0.015713938
0.015343066
0.015045347
0.015652098
0.018592199
0.015161045
0.015677938
0.015058866
0.014875659
0.015277714
0.016015463
0.015713387
0.015190994
0.015195606
0.015508821
0.014981817
0.015464474
0.015107827
0.015460669
0.015547302
0.016734275
0.015310855
0.015240475
0.015117932
0.015405383
0.015044232
0.015111815
0.017203258
0.014962243
0.014900990
0.015285487
0.015061301
0.015806823
0.015357461
0.015982263
0.015280126
0.014870648
0.018674904
0.015158480
0.015609300
0.014985505
0.015701064
0.022977615
0.984423450
0.015696572
0.015659215
0.029784320
0.015102115
0.015470783
0.016613650
0.015609236
0.015609106
0.015629659
0.015612325
0.016557194
0.017622340
0.016652662
0.015594867
0.015673388
0.015039748
0.015197470
0.015487397
0.015142406
0.015253699
0.015687017
0.015011512
0.015254402
0.015058030
0.031052232
0.017974077
0.015726350
0.030202410
0.029825811
0.015304128
0.015003660
0.016444665
0.016536534
0.016376746
0.016838638
0.017225090
0.014945339
0.014973882
0.015165800
0.016467315
0.016332521
0.033262778
0.014995466
0.014973926
0.032788803
0.015146356
0.015137283
0.015652321
0.016019785
0.016101735
0.015676053
0.015589035
0.014957661
0.015086685
0.015092622
0.015443153
0.015623715
0.984381307
0.021652173
0.015219708
0.017042863
0.034328976
0.015092537
0.015027242
0.016363944
0.016602214
0.016399327
0.032551506
0.015315337
0.015409740
0.015171633
0.016685596
0.016926871
0.016599964
0.015164939
0.015158182
0.015122226
0.033561007
0.019789206
0.036356376
0.016533690
0.015539229
0.019580749
0.016643498
0.018830930
0.015813591
0.015543854
0.015532616
0.015801251
0.033941019
0.016500666
0.016306699
0.015630042
0.018920772
0.036626251
0.015743789
0.015496870
0.017073818
0.015115837
0.015700854
0.015737008
0.015415623
0.015113014
0.015254598
0.017565796
0.015562946
0.015032211
0.015866429
0.015069371
0.015413097
0.015096021
0.984520122
0.017719954
0.015359882
0.014979910
0.030139317
0.015473483
0.015291883
0.015116028
0.015055683
0.015324410
0.015170516
0.015656760
0.015636077
0.015215054
0.015260060
0.015828418
0.015219586
0.015482213
0.020215768
0.016072204
0.015548216
0.015322600
0.015375175
0.016664695
0.017046890
0.016341924
0.015924293
0.015848256
0.015191434
0.015635186
0.016474937
0.015805672
0.015754637
0.016097352
0.015604530
0.015202113
0.032617001
0.015333609
0.014936440
0.016155531
0.016824857
0.032380212
0.015354283
0.015098075
0.015522595
0.015370707
0.015742155
0.015673492
0.015230828
0.015423520
0.015179372
0.015421822
0.032201633
0.019560911
0.015235633
0.015110385
0.015069210
0.017083172
0.014949447
0.984434811
0.031034747
0.015605934
0.015628899
0.015407370
0.016779816
0.014955805
0.014940636
0.014943846
0.015709269
0.014857241
0.015058498
0.014991673
0.016807588
0.015241417
0.015253626
0.015212003
0.015018318
0.015516745
0.015242733
0.014930815
0.015185972
0.015181215
0.015186259
0.015035696
0.015246101
0.014887753
0.015378906
0.015623869
0.015347391
0.030192538
0.015013758
0.015114300
0.016925887
0.015679927
0.015626767
0.015006189
0.015361810
0.015739644
0.015688644
0.015258500
0.017214541
0.016222885
0.015634758
0.015390390
0.015689924
0.015093197
0.016890982
0.015753998
0.018536431
0.018089611
0.016344637
0.015593782
0.030563197
0.015427696
0.015037660
0.015146413
0.015657052
0.015070986
0.014936435
0.014898490
0.015540802
0.968799289
0.015226751
0.015447737
0.015301585
0.030237307
0.015224536
0.017062539
0.017958223
0.015008048
0.015602468
0.015633043
0.015832348
0.015380550
0.015087558
0.017243218
0.016916717
0.015189498
0.016268200
0.015028572
0.015032039
0.015011193
0.016478547