
1657719740.575896202
0.016187181
0.016686011
0.017079097
0.015438499
0.014887086
0.014845695
0.030769958
0.015093067
0.015118676
0.015006274
0.016023254
0.032423652
0.029979809
0.015122203
0.015096258
0.015360108
0.016598299
0.015973806
0.016188226
0.032541375
0.014951752
0.019530097
0.983520054
0.016330868
0.017397971
0.030339166
0.015050341
0.016169776
0.016878528
0.017132974
0.015013440
0.029916248
0.014991182
0.014964159
0.016043978
0.015964919
0.016094904
0.015240025
0.032025451
0.015084973
0.015419205
0.017687809
0.015415843
0.014962654
0.015646815
0.015581249
0.015074590
0.016170276
0.015062207
0.015319006
0.015606399
0.015726223
0.015470570
0.015108545
0.014942986
0.015370361
0.014972399
0.014932265
0.014839646
0.030945954
0.017448405
0.015915080
0.015643853
0.015058100
0.015146469
0.015706107
0.029992159
0.015072180
0.016805721
0.015621357
0.016638693
0.015346294
0.015534664
0.014942013
0.015615935
0.016970094
0.015261657
0.015514038
0.014899417
0.016964232
0.015019265
0.984503680
0.016656140
0.015723010
0.015737060
0.015427410
0.015705728
0.015275114
0.015284564
0.015246573
0.015776019
0.015866639
0.014926263
0.015494252
0.015497019
0.015202256
0.014969099
0.015029060
0.015751909
0.015569094
0.014931834
0.032755921
0.015100382
0.031100387
0.017118880
0.015031717
0.031262531
0.015016152
0.016915792
0.015211814
0.014867875
0.015446659
0.014958918
0.030934640
0.015678846
0.015695199
0.016295786
0.015025820
0.015039639
0.032278116
0.030284900
0.015490490
0.015453384
0.015497636
0.034617768
0.015004727
0.015118409
0.015156199
0.017375857
0.018169445
0.015572977
0.035865541
0.014858511
0.015052522
0.017379582
0.016667041
0.985136209
0.015167579
0.014853351
0.015459695
0.015639459
0.015026415
0.015121845
0.015001749
0.015048877
0.015610814
0.015065366
0.015958537
0.017607674
0.016560007
0.034931016
0.014860789
0.015061766
0.015506691
0.017268034
0.016341797
0.016523669
0.032917204
0.015109877
0.015072036
0.016081896
0.016562994
0.016597942
0.032092332
0.014926639
0.014972540
0.016289228
0.017011701
0.016439670
0.032451933
0.014997061
0.015137916
0.016373895
0.016314007
0.017215818
0.015083717
0.015002352
0.015251283
0.016932658
0.016768184
0.015665153
0.015524092
0.030159332
0.015050415
0.015413288
0.016947205
0.015317437
0.015892145
0.015515666
0.015209403
0.015326007
0.014983146
0.015457127
0.015648505
0.984272255
0.014872901
0.015322327
0.015819828
0.015035915
0.015181226
0.014838705
0.014866965
0.015304164
0.014916353
0.015345279
0.014886157
0.016424612
0.016936744
0.015593118
0.015036414
0.015148503
0.014974691
0.015243287
0.016430786
0.015047587
0.015056647
0.015156579
0.030514566
0.015300132
0.014976758
0.015111020
0.016133183
0.015477547
0.015452364
0.032697305
0.015000805
0.015679128
0.016301391
0.014909675
0.015027658
0.015504867
0.014950968
0.015171856
0.015709829
0.015467840
0.014952847
0.015673627
0.015370438
0.015482399
0.015227823
0.015359598
0.014872481
0.015070246
0.016204117
0.033439006
0.014991324
0.016472906
0.015457677
0.015061502
0.017071821
0.019212058
0.015421754
0.016049302
0.981758396
0.016673091
0.015798835
0.020223990
0.015524810
0.015615454
0.014933377
0.015301310
0.014950404
0.015470479
0.015520634
0.015459299
0.014840514
0.030447797
0.015201584
0.014991956
0.014968864
0.015316198
0.015654224
0.031748198
0.015024371
0.015032434
0.015267384
0.016998810
0.015307703
0.015079508
0.030401387
0.016237970
0.015700682
0.017630824
0.015813384
0.015091196
0.029764400
0.015195521
0.014988558
0.016324917
0.014935192
0.014916881
0.034425992
0.014954648
0.014997106
0.017337769
0.015528111
0.015417724
0.015873126
0.014934628
0.015415983
0.015430449
0.015317376
0.015837243
0.017079781
0.035770597
0.015909085
0.016097276
0.034143517
0.015208604
0.984830398
0.015355865
0.016658704
0.015521773
0.015246987
0.015075241
0.016490678
0.016513135
0.014969782
0.014997517
0.015000826
0.031122050
0.015545472
0.014886773
0.016748310
0.016124706
0.016183745
0.015706281
0.018524087
0.015458613
0.015595962
0.015527255
0.015651235
0.031261332
0.015038459
0.015469731
0.015186754
0.017202162
0.014964231
0.015027595
0.033148141
0.015183613
0.015363400
0.015017198
0.016383195
0.016287812
0.016574946
0.032586230
0.015471722
0.015063168
0.016032046
0.016321116
0.016224644
0.032733588
0.017211822
0.015327882
0.016549928
0.014915956
0.015131031
0.015215204
0.015073953
0.015292994
0.015060052
0.015040885
0.016603956
0.014898588
0.015486011
0.014914885
0.015077454
0.985013811
0.015421248
0.015101909
0.014946539
0.015095478
0.015160460
0.016073685
0.030382024
0.015344563
0.015381445
0.015042062
0.016527414
0.016698754
0.015261181
0.015526340
0.015252281
0.017358264
0.015259352
0.014898662
0.015277407
0.015466570
0.015121949
0.015864714
0.015238662
0.016864100
0.015787655
0.014901043
0.015829524
0.014880630
0.015005062
0.015358390
0.016700867
0.015418967
0.014993874
0.015376715
0.015021151
0.015009070
0.014942286
0.015569983
0.014975745
0.015439754
0.014880868
0.015266812
0.029902440
0.015107723
0.015517744
0.015489460
0.014935054
0.014993315
0.033306188
0.015139371
0.015123759
0.016308464
0.015486846
0.015722528
0.014910722
0.015269248
0.015446049
0.019809031
0.015736257
0.015757334
0.984914172
0.014959103
0.014954256
0.015607263
0.016597337
0.016680018
0.015618716
0.015301810
0.014969670
0.015502390
0.015094859
0.016264663
0.014936826
0.014972200
0.015054916
0.015592568
0.030102857
0.014947734
0.014894091
0.014918631
0.015328421
0.014976198
0.014934435
0.015205367
0.015307034
0.015757057
0.016733987
0.014965847
0.015065466
0.015575124
0.030131004
0.017838198
0.015907733
0.015446144
0.015933023
0.014837818
0.014964412
0.015148593
0.016592292
0.015113681
0.014992311
0.014924085
0.014919029
0.029779767
0.015307255
0.015894355
0.016679815
0.015529454
0.014858611
0.014878232
0.014979069
0.015472572
0.015514296
0.015500127
0.015032386
0.015309289
0.015006807
0.015049400
0.014971594
0.016294083
0.016402142
0.016223388
0.967186745
0.014958896
0.014981143
0.015014780
0.015094507
0.016432738
0.016424833
0.032820747
0.015805311
0.014950751
0.015007913
0.033798510
0.016021668
0.014890469
0.015009213
0.017362686
0.015773763
0.015311934
0.015687971
0.015138288
0.015343876
0.015288569
0.015592836
0.016069280
0.014958733
0.014974411
0.014854688
0.014951395
0.015429581
0.015686468
0.015592954
0.015580091
0.015410266
0.030596759
0.029871484
0.014927431
0.015042264
0.016535365
0.014952957
0.015445530
0.014883421
0.014939399
0.015278804
0.017176591
0.015787455
0.015435790
0.015878468
0.014875968
0.014923767
0.015312731
0.015827613
0.015479642
0.014911756
0.015197569
0.015314883
0.015057686
0.015268085
0.015751282
0.015139965
0.015544974
0.985004264
0.015015892
0.030200933
0.015267577
0.015100982
0.015293186
0.016396941
0.015953794
0.015051300
0.015229693
0.015350691
0.015213294
0.017348639
0.015715416
0.014865025
0.015428712
0.015211019
0.015177357
0.017506319
0.015150331
0.014991048
0.015242515
0.014864685
0.029847426
0.015134293
0.014991657
0.015781660
0.015645875
0.014867834
0.030119206
0.014959009
0.014996778
0.016540499
0.016065313
0.015104428
0.014990947
0.015306372
0.015566431
0.015000230
0.014910225
0.015172295
0.015092479
0.015042815
0.030344268
0.015635194
0.014951911
0.015179324
0.015130689
0.016844084
0.031081334
0.015912072
0.015641753
0.016057086
0.014830683
0.015021575
0.029789359
0.015671879
0.014992529
0.016698721
0.985072492
0.015139690
0.015455991
0.030477991
0.015177320
0.016164230
0.016516259
0.015241804
0.015873748
0.014927389
0.015156147
0.015012143
0.014905121
0.015203781
0.015048036
0.015328281
0.015514317
0.014933921
0.015069113
0.015367350
0.015546035
0.015141024
0.015287847
0.014899279
0.015135864
0.016903463
0.015483645
0.016411388
0.015790078
0.015890171
0.015093185
0.015181049
0.014920648
0.015613444
0.016426765
0.015028123
0.015346345
0.015724772
0.015151509
0.014948142
0.015154126
0.016021889
0.014962173
0.015262960
0.015321523
0.014973820
0.015511939
0.014970587
0.015381379
0.015970482
0.015713614
0.015149716
0.014944198
0.030586204
0.015728427
0.014889034
0.014881941
0.015078716
0.015097250
0.015098657
0.014938649
0.015627585
0.019335507
0.984136960
0.015226279
0.015116736
0.015001881
0.014891398
0.015683030
0.017195928
0.015342829
0.015776178
0.015556056
0.015584718
0.015691984
0.015524572
0.016912657
0.016767016
0.015517033
0.015531337
0.015947036
0.015064576
0.014944562
0.016360663
0.014870368
0.015698487
0.015730572
0.015066259
0.015485972
0.015142890
0.015308030
0.014871154
0.015304444
0.015091736
0.015044182
0.015276223
0.015358748
0.015278492
0.015071060
0.015757024
0.014837601
0.015146428
0.016905844
0.031334061
0.015064779
0.015289165
0.016436838
0.014978193
0.015231916
0.015788822
0.014984863
0.019665902
0.016872047
0.014870181
0.015139997
0.015601463
0.034129026
0.015770475
0.015081422
0.016215677
0.015571960
0.015553500
0.015474268
0.014879791
0.015441910
0.984988177
0.015354467
0.015451710
0.014898620
0.014934804
0.015012821
0.015164991
0.017146785
0.014888801
0.014940099
0.015436506
0.029941583
0.015076506
0.015140119
0.016219748
0.015534038
0.015411282
0.015540194
0.015398027
0.014944656
0.014922027
0.017021756
0.014982658
0.015459609
0.015930166
0.015463738
0.014931495
0.017525430
0.015442596
0.015645175
0.015664440
0.015906105
0.015621818
0.031296551
0.015363671
0.015690359
0.015455555
0.015557887
0.015588242
0.015045465
0.015086109
0.015151616
0.015680103
0.014958727
0.015187317
0.014874951
0.015116942
0.014932995
0.015459378
0.016491539
0.016841573
0.017349472
0.015859570
0.015170076
0.015691760
0.015075739
0.016966459
0.016706442
0.015553196
0.015809531
0.015609900
0.014945957
0.984932038
0.015089589
0.017358319
0.015036827
0.016045774
0.015054737
0.015489755
0.014890080
0.016149500
0.017636219
0.015497868
0.015106758
0.014884634
0.015149616
0.015097877
0.015308841
0.015585859
0.014862973
0.014905915
0.015456765
0.015004024
0.014848175
0.015678077
0.018558989
0.015344794
0.015379033
0.015625248
0.033928786
0.015367479
0.015074624
0.016316336
0.015671766
0.015495213
0.015697229
0.014867198
0.015132137
0.018729642
0.015509575
0.015630577
0.015926262
0.014949739
0.015181480
0.014920058
0.015152189
0.016794465
0.015323636
0.014984003
0.015569830
0.014936104
0.015608716
0.015537418
0.015708036
0.015397808
0.014931800
0.015492757
0.015131658
0.014968100
0.015761780
0.015524045
0.014991124
0.014995333
0.014853906
0.014939393
0.984711216
0.018953384
0.017727754
0.015077557
0.015200828
0.015531769
0.015613203
0.030048886
0.015671084
0.014884329
0.016110995
0.015665305
0.015844965
0.015601700
0.015514080
0.015679692
0.016576381
0.015607964
0.014917567
0.015149493
0.014985197
0.015074412
0.015901170
0.014957887
0.014967011
0.015473002
0.015573198
0.014885567
0.015566176
0.014910891
0.015343614
0.015924365
0.015521956
0.015596503
0.030070426
0.015015439
0.015014957
0.015249573
0.019073052
0.014873390
0.015769656
0.015638034
0.015617963
0.015346688
0.016292127
0.014955606
0.015079189
0.015453131
0.014984448
0.015327783
0.015516569
0.017343825
0.014977878
0.015269871
0.014957369
0.015376703
0.015095374
0.015431916
0.015287997
0.017320967
0.018064579
0.015147167
0.967622388
0.015139039
0.014986349
0.015852732
0.015427813
0.014978754
0.031075363
0.015209369
0.014933689
0.015734226
0.015549078
0.015456023
0.017872788
0.015942304
0.015633620
0.015084229
0.017272358
0.014886521
0.015010508
0.015700896
0.015120159
0.015235219
0.015600378
0.015013870
0.016619630
0.014856787
0.015077602
0.014959352
0.015385571
0.014855362
0.015128399
0.016543938
0.015875698
0.015083222
0.015227841
0.015013658
0.015049938
0.015552325
0.014885794
0.014830148
0.015295520
0.014940915
0.015213679
0.014944478
0.014907859
0.015359447
0.015185943
0.015424486
0.014947692
0.015022347
0.015036426
0.015917350
0.015401714
0.015600052
0.014919679
0.015216864
0.015007001
0.015508047
0.015919046
0.015325723
0.015366003
0.016498197
0.015765009
0.985052455
0.014863366
0.015058622
0.015463571
0.015161008
0.016660379
0.015651633
0.015553994
0.015797483
0.015649359
0.015088618
0.015196768
0.015582849
0.015487025
0.014841535
0.014891259
0.015120906
0.015007932
0.015024252
0.014917433
0.015960108
0.015051711
0.015274686
0.014933422
0.015001403
0.032251429
0.015059607
0.014996105
0.016835788
0.015483825
0.015140803
0.014958079
0.016620316
0.016580238
0.015376612
0.014842286
0.014937351
0.030530247
0.014933193
0.014932513
0.016310958
0.015567022
0.015728474
0.031472080
0.015015179
0.015217195
0.017552438
0.014954935
0.015327157
0.029781467
0.015009303
0.015292253
0.015012779
0.014916102
0.014863433
0.015526798
0.014932545
0.015043866
0.019842072
0.015489277
0.015564795
0.984571015
0.017016204
0.014995927
0.015186029
0.015535508
0.016458787
0.014889401
0.015615473
0.015640669
0.015207625
0.016342065
0.015374631
0.016276265
0.015950202
0.015584159
0.015667995
0.014868844
0.015092244
0.015956864
0.015288806
0.014946471
0.014851135
0.015612666
0.015266079
0.014914581
0.015427255
0.015149969
0.014951724
0.015896831
0.015327810
0.014955495
0.014909153
0.014890630
0.015153536
0.015294658
0.014902689
0.015516334
0.014924656
0.030373652
0.015069189
0.015002501
0.016141659
0.014961929
0.015654584
0.015382284
0.015464681
0.015671947
0.016629299
0.014879279
0.014857366
0.015573685
0.015959874
0.030284754
0.015109509
0.014864659
0.016493270
0.015486335
0.014995791
0.029773247
0.018308848
0.015084821
0.015598038
0.985032859
0.015335826
0.015362616
0.015583933
0.015092420
0.015196949
0.014985339
0.015609408
0.015289740
0.015049194
0.015011578
0.015154129
0.030831071
0.018975066
0.015303620
0.015017368
0.031125394
0.016687074
0.014974793
0.016838414
0.017462794
0.015218776
0.015045263
0.015343688
0.015472043
0.015630338
0.015385396
0.015018909
0.015408505
0.014877765
0.014945105
0.015049164
0.016208365
0.016180698
0.040922309
0.017412880
0.015067740
0.014993131
0.016248840
0.016314010
0.016020771
0.015021362
0.014952554
0.015012838
0.016436455
0.016611065
0.016508438
0.016587121
0.033359071
0.016879406
0.014952152
0.015055743
0.016681118
0.016567979
0.016734523
0.015252151
0.030473389
0.014838593
0.984235029
0.016535789
0.015161227
0.015992130
0.015286711
0.014943571
0.015193507
0.016988307
0.015259198
0.014994014
0.014975379
0.014946828
0.015028779
0.015167275
0.015466745
0.015645351
0.014925189
0.015489810
0.015525220
0.030528529
0.015578297
0.015172238
0.015688446
0.015333140
0.014894813
0.015052095
0.016276861
0.015423843
0.016048473
0.015557441
0.015082111
0.015072239
0.038295249
0.015240465
0.015186689
0.016413427
0.016920634
0.015366355
0.032985820
0.014920691
0.015001847
0.016211115
0.016551818
0.016137546
0.016506902
0.031514089
0.014978135
0.015022406
0.016425781
0.016174323
0.016744871
0.029875777
0.030122648
0.030261699
0.017895696
0.030055740
0.984341981
0.015951287
0.017507702
0.015215867
0.015051734
0.014957615
0.015920559
0.015394105
0.015047773
0.018429227
0.014983896
0.015258339
0.015261563
0.016294075
0.015724612
0.016593307
0.015638377
0.014888421
0.014849661
0.015026862
0.014940684
0.015150598
0.016953247
0.015717096
0.015706582
0.015311963
0.015800928
0.014911643
0.015487558
0.015795147
0.015369620
0.014997026
0.014988163
0.015010477
0.015011453
0.015406388
0.030178519
0.014907373
0.015843908
0.016670806
0.015039934
0.015011098
0.015646243
0.014899458
0.015138831
0.015027060
0.015672952
0.015451824
0.015229210
0.014889052
0.016841517
0.015124937
0.031632533
0.031384927
0.015008443
0.015361634
0.031430553
0.019506238
0.015784270
0.983587087
0.014977416
0.015943778
0.017594143
0.016688141
0.016591970
0.016641333
0.016680610
0.015856478
0.015829427
0.017455382
0.017095105
0.016351118
0.040417975
0.015366291
0.015849049
0.016702274
0.015851329
0.015606509
0.014973863
0.015040378
0.015492963
0.014866779
0.015380821
0.014909215
0.015509465
0.015913723
0.029832337
0.015537874
0.014928168
0.016244864
0.014937475
0.015225070
0.029777157
0.015230811
0.015839167
0.018448257
0.015728261
0.015388552
0.014945269
0.015027506
0.015168508
0.015457529
0.015616672
0.014880104
0.015598059
0.030909520
0.019644436
0.015403068
0.017189592
0.014846224
0.015574263
0.014909736
0.014978907
0.014930230
0.015061975
0.016327547
0.014905983
0.015354181
0.985122728
0.015201465
0.029839244
0.015213462
0.015374633
0.017622155
0.015343743
0.014887415
0.015382827
0.015919396
0.014876653
0.015516795
0.015422901
0.015625487
0.015746943
0.015020289
0.015054637
0.015881190
0.018508432
0.015565093
0.015737551
0.015582496
0.015283466
0.014859947
0.015453340
0.015632306
0.016489465
0.016282166
0.015890654
0.015068248
0.015017507
0.019575906
0.014993358
0.015325873
0.015668452
0.015050771
0.015067522
0.015274406
0.017060219
0.015108689
0.015265902
0.015914727
0.015373140
0.029997109
0.017224628
0.014918504
0.014907561
0.015585263
0.015179616
0.030061015
0.015333482
0.015141267
0.015259301
0.015695459
0.015558844
0.030050673
0.015491741
0.014958882
0.015556945
0.014955232
0.985111506
0.031044826
0.015013122
0.015733869
0.016853666
0.015005923
0.015262757
0.015077495
0.015262056
0.015058149
0.014956372
0.017715586
0.016479814
0.015159438
0.015307789
0.016086180
0.014969544
0.023012097
0.015017930
0.016348442
0.014955694
0.015506959
0.029626563
0.015055738
0.014983798
0.015428408
0.014835510
0.015225158
0.015192517
0.015295217
0.014936152
0.014896747
0.015077506
0.015707206
0.015328322
0.014880083
0.030238898
0.014961181
0.016053940
0.016932299
0.015641195
0.015650074
0.014919773
0.014955593
0.014974628
0.019936155
0.015301505
0.015578751
0.014971231
0.030177967
0.015394361
0.015456731
0.016686133
0.014868692
0.015543415
0.015139293
0.018696677
0.019010102
0.015608215
0.984741636
0.014986793
0.015182969
0.014900452
0.015288535
0.014911022
0.015918823
0.015403239
0.015452532
0.014913542
0.014954306
0.014884657
0.014938993
0.015706656
0.015865058
0.016848323
0.016593389
0.014941753
0.015657252
0.014950746
0.016538425
0.016773244
0.015828542
0.015302358
0.014976544
0.029992554
0.014926901
0.015615295
0.016742688
0.015399138
0.015597448
0.015080486
0.015172401
0.014904431
0.015607745
0.030480947
0.015000613
0.016359389
0.022451316
0.015380850
0.016784544
0.016352083
0.016255016
0.016829779
0.031065415
0.015048821
0.014950389
0.016279849
0.016326707
0.016059035
0.033134117
0.015032241
0.017418549
0.017753022
0.016494433
0.016416905
0.017455876
0.014934948
0.015338500
0.983714156
0.015036198
0.015030543
0.014897041
0.015047072
0.015342129
0.014953147
0.015416020
0.016703748
0.015790386
0.015197068
0.015019386
0.015311323
0.016031279
0.014967433
0.015289970
0.015005279
0.015038037
0.015067266
0.015040861
0.015466123
0.016156777
0.015470068
0.015324510
0.015584194
0.015788915
0.029679026
0.018115629
0.015556865
0.016697720
0.015982998
0.015491099
0.014917045
0.015133861
0.015011114
0.017363036
0.015460026
0.014989967
0.015125483
0.029795776
0.015345203
0.015227166
0.016208234
0.015540460
0.014874002
0.015117949
0.015576837
0.014935666
0.015615254
0.015580506
0.015110018
0.015170100
0.015504701
0.015005325
0.015360019
0.015012440
0.015394165
0.014981094
0.015402650
0.014872658
0.029765952
0.015924222
0.984641488
0.014932189
0.014894242
0.017139329
0.029787512
0.015284033
0.015530030
0.016627927
0.014864454
0.014951008
0.015089612
0.015283698
0.014976411
0.014847483
0.016424384
0.015031480
0.014899197
0.014913414
0.032872526
0.014846280
0.014936494
0.015141775
0.014874126
0.015691716
0.014941278
0.014933352
0.015153906
0.014879722
0.015017600
0.014901724
0.014949263
0.015632859
0.014888893
0.014989098
0.015563872
0.015309329
0.014964840
0.015581433
0.015834286
0.016769147
0.031577084
0.014952850
0.015077391
0.021129334
0.014912397
0.014947624
0.014960176
0.014924668
0.015372292
0.016362353
0.015181548
0.015444685
0.015618837
0.031246480
0.015680897
0.015812832
0.016398270
0.014857457
0.016104051
0.015698839
0.015589999
0.984162272
0.015515900
0.014861417
0.015559569
0.014939019
0.030310036
0.016319700
0.016079592
0.020082723
0.014965062
0.033102520
0.014982438
0.032277166
0.020633052
0.015141566
0.032935690
0.014979671
0.015117435
0.015040540
0.016226823
0.016918407
0.016983594
0.032579127
0.015216368
0.015558531
0.015738145
0.015574279
0.015003231
0.031026033
0.015077081
0.015156577
0.016819542
0.014967429
0.014855166
0.015449613
0.015709525
0.015020203
0.014991056
0.014909256
0.015251299
0.015603850
0.015898391
0.014917967
0.015081407
0.014938341
0.014848340
0.015083841
0.016724536
0.015529559
0.015093755
0.015172943
0.014894831
0.015101867
0.016769437
0.014992285
0.015501288
0.015622741
0.985079177
0.015011893
0.015675997
0.015033426
0.016609286
0.015554822
0.014973818
0.015069928
0.015208293
0.015266848
0.014845965
0.015561665
0.014888623
0.015145505
0.015010528
0.030461829
0.015003630
0.014981844
0.016417933
0.015860082
0.014861628
0.030150174
0.015389444
0.016583713
0.015149797
0.016366546
0.016359248
0.032500857
0.015247131
0.014958142
0.015116187
0.016622357
0.016302257
0.016282969
0.016500825
0.031433746
0.015021883
0.015063442
0.016278480
0.016627411
0.016658838
0.031020599
0.016043017
0.015545475
0.016282276
0.014956948
0.015232002
0.015132595
0.015004659
0.015065754
0.015287545
0.015501194
0.014959068
0.015266171
0.030343631
0.015379431
0.018668274
0.015423020
0.014880071
0.970038980
0.015018569
0.015533157
0.018009097
0.015158085
0.016011385
0.015403841
0.015758966
0.015059221
0.015290461
0.017676578
0.014980826
0.014989527
0.015678868
0.015562019
0.015390620
0.015161669
0.017443642
0.015307220
0.015996719
0.015023855
0.014898701
0.014993654
0.016151271
0.015187421
0.015259252
0.014835234
0.014878487
0.015302039
0.014937943
0.015226714
0.015169316
0.015644724
0.014935372
0.014873915
0.015195436
0.015553091
0.015180926
0.015077670
0.015025383
0.014877640
0.015106389
0.015786948
0.030880409
0.014938734
0.014967081
0.016391738
0.015909586
0.015282911
0.015421741
0.015014797
0.015412358
0.016658877
0.015731279
0.015725415
0.014924905
0.030461759
0.015011961
0.014908422
0.016276051
0.015080697
0.984874251
0.014907193
0.015643858
0.015091437
0.014895510
0.014971335
0.015690482
0.015286295
0.015721898
0.034138781
0.014962988
0.015252991
0.015251352
0.029952962
0.015291245
0.015615176
0.014921077
0.015016754
0.016708251
0.015876453
0.015973396
0.014957862
0.029765188
0.014975082
0.014894697
0.016133661
0.015174434
0.015425919
0.015209850
0.015212626
0.014862251
0.015216925
0.014880998
0.014902286
0.015458430
0.015696039
0.015179401
0.015945574
0.016835668
0.016698874
0.016333202
0.019436483
0.016522701
0.015729042
0.015371091
0.014986283
0.014993050
0.014867403
0.015041025
0.029816089
0.015238223
0.015172811
0.017477729
0.016623505
0.032710270
0.015134359
0.014975645
0.015127283
0.016743316
0.016373191
0.983968399
0.016110047
0.016384818
0.015126299
0.016979553
0.014879394
0.015509639
0.015587228
0.015396171
0.015445780
0.015287386
0.017289615
0.015323055
0.015126918
0.015013537
0.014875775
0.015217383
0.015013210
0.015603019
0.015691367
0.015365873
0.015134554
0.015976611
0.014944624
0.015244008
0.014912142
0.030594999
0.015778434
0.015860643
0.031266092
0.014896090
0.015593654
0.016485520
0.016008644
0.015153423
0.015281276
0.014969413
0.015204979
0.014836993
0.014865777
0.014906466
0.031865250
0.014803075
0.015330087
0.015040142
0.016810417
0.016761285
0.016407606
0.016354016
0.016318937
0.015042571
0.033267387
0.021220140
0.015163382
0.016282784
0.029750315
0.016233780
0.015024039
0.983504106
0.016207655
0.016109751
0.017670944
0.015308887
0.017529727
0.014879494
0.014844218
0.015443430
0.015365553
0.015615280
0.014933247
0.016118989
0.016496565
0.015342313
0.015668634
0.014974962
0.030601787
0.014918746
0.015619799
0.016692466
0.015750365
0.015338994
0.015115463
0.015063629
0.015057418
0.015260086
0.015811791
0.015081730
0.015327772
0.014899465
0.015143846
0.015185818
0.015045790
0.015192940
0.014974295
0.015440524
0.016308617
0.015111680
0.029940392
0.015056603
0.014926239
0.017288887
0.014871020
0.029744817
0.015026028
0.014915664
0.017486388
0.015800057
0.014891341
0.030305499
0.015073653
0.015139116
0.016666270
0.015024024
0.014900334
0.029900387
0.015561549
0.014971164
0.017068310
0.984158908
0.015187596
0.014945556
0.014954932
0.015287273
0.015170357
0.014944270
0.015587689
0.016003381
0.015272800
0.015048406
0.015368330
0.014957120
0.015420032
0.031651157
0.015047386
0.031690616
0.015581844
0.015331588
0.016961652
0.014912116
0.015381577
0.014851540
0.015322478
0.015148382
0.015179178
0.014967543
0.015241055
0.015497484
0.015608999
0.014902114
0.014948010
0.016274329
0.015677800
0.015585943
0.015698910
0.014865823
0.014994075
0.014927711
0.016136894
0.016069289
0.016048060
0.016200860
0.016255175
0.017686279
0.016381353
0.016220241
0.015536115
0.015338095
0.014921853
0.014904518
0.015226597
0.016594875
0.017289656
0.016578651
0.016291611
0.032816939
0.015131155
0.015005097
0.016097279
0.016571191
0.983420567
0.015499893
0.029739397
0.015200938
0.014958252
0.017194994
0.015708249
0.015997521
0.015528377
0.015647488
0.015022080
0.016528974
0.015320068
0.015482284
0.015290606
0.030184615
0.015116857
0.015599287
0.015633027
0.015063613
0.015106451
0.014921896
0.015401913
0.015510330
0.015550744
0.031245744
0.015258782
0.015113156
0.018322636
0.016921104
0.016398027
0.015626726
0.015390192
0.014973275
0.015253383
0.014955742
0.015336005
0.015640873
0.015218225
0.015574070
0.014946682
0.030014409
0.015278501
0.014923756
0.016759422
0.014917355
0.015082220
0.014932079
0.015156002
0.015058966
0.014957068
0.015033523
0.015344546
0.015942902
0.015247274
0.032392985
0.015638351
0.015709728
0.014975773
0.014934155
0.984999325
0.030042721
0.014940221
0.015186505
0.017478073
0.015399996
0.015656709
0.014901945
0.015496930
0.014922333
0.015510643
0.015977056
0.015404687
0.014869044
0.015652518
0.030732327
0.014998349
0.015739859
0.015036045
0.017190617
0.015082745
0.015262496
0.015412977
0.015303986
0.014970920
0.015627659
0.015676570
0.015099239
0.015256262
0.015794899
0.015217794
0.014990005
0.015680874
0.015920451
0.015445590
0.015265025
0.014942296
0.015347374
0.029935154
0.014911724
0.014932109
0.015456102
0.015857552
0.030645535
0.014899146
0.014933692
0.016323545
0.015879927
0.015480647
0.014891903
0.015144984
0.015673301
0.015140817
0.015912632
0.015215559
0.015769156
0.014993581
0.033038555
0.015251850
0.985024231
0.016821467
0.015355984
0.014879745
0.014969126
0.014966314
0.015240870
0.014916896
0.014989030
0.014878062
0.015831884
0.015540267
0.032747936
0.014912065
0.029929732
0.015661380
0.015089977
0.015513832
0.014939620
0.015011394
0.014874331
0.016742603
0.015577248
0.015327350
0.031055448
0.014977165
0.015999680
0.017453940
0.014968578
0.015143947
0.014887018
0.015116573
0.015149231
0.014904790
0.016272889
0.015047628
0.015424592
0.014854346
0.014925979
0.015389500
0.015396090
0.016150400
0.016452553
0.015381556
0.015541413
0.015497085
0.014983763
0.015179443
0.015054966
0.015238404
0.014938352
0.015095288
0.030142097
0.015017963
0.015256505
0.018642641
0.015672669
0.015279385
0.015053283
0.031335958
0.985060432
0.015573771
0.016508696
0.014894543
0.015220931
0.030153012
0.015393916
0.015277494
0.016380027
0.015786073
0.015626688
0.015347108
0.015724051
0.015684681
0.014924633
0.015173379
0.015592017
0.015643524
0.015017628
0.015094352
0.014975123
0.015742446
0.014871222
0.015340080
0.015182283
0.014970259
0.015483496
0.015562272
0.031297279
0.015568238
0.015783776
0.015487267
0.014920476
0.015314277
0.015005491
0.015258249
0.016603502
0.016178357
0.015185136
0.015035821
0.015211734
0.015067269
0.015442067
0.015822458
0.017380031
0.015098282
0.015066878
0.014969028
0.015030320
0.015046346
0.015002158
0.015726063
0.016630573
0.015550664
0.014934084
0.015289146
0.015769336
0.015016560
0.015232153
0.015475471
0.017927074
0.015573044
0.015542728
0.984644714
0.015346462
0.015074436
0.015036706
0.016330791
0.016545799
0.015858464
0.030921602
0.015170788
0.015165292
0.016710292
0.015636388
0.015623244
0.014892015
0.014982894
0.015148228
0.014910167
0.014873057
0.015234023
0.015048191
0.014869980
0.014848819
0.015299174
0.014897107
0.015649769
0.015568602
0.014864192
0.029841769
0.015692084
0.015526075
0.014936134
0.015112303
0.016340943
0.016429035
0.018411302
0.014980036
0.016498407
0.016288085
0.016421405
0.036800898
0.015181137
0.015738692
0.015059362
0.033980866
0.016313030
0.014992189
0.033188256
0.018675846
0.015766636
0.015180256
0.029839624
0.015523973
0.016315630
0.015141771
0.015691665
0.015798296
0.984973997
0.017322842
0.016281074
0.014956702
0.016608799
0.015697576
0.015395351
0.015666343
0.014948317
0.030052834
0.015371096
0.014928517
0.016701486
0.014924009
0.015154176
0.033095956
0.015059768
0.015168434
0.018422464
0.014927748
0.015678072
0.015480919
0.015080675
0.030230126
0.018056918
0.015394001
0.014936456
0.015235936
0.030079966
0.017054219
0.015002869
0.015196098
0.015763002
0.014944555
0.030160960
0.015750967
0.015927021
0.015400205
0.014886729
0.014922454
0.015513585
0.015019924
0.015484145
0.014846355
0.015458400
0.015373218
0.016059768
0.030483959
0.015023670
0.015257765
0.015093155
0.016531147
0.015004287
0.014864866
0.029634333
0.015194478
0.015533409
0.982523802
0.015613252
0.015618757
0.015799602
0.014992273
0.014946290
0.016486565
0.016346473
0.015093286
0.014929781
0.014898254
0.031197527
0.015607747
0.014989501
0.017399775
0.015504218
0.014930251
0.029831162
0.014923536
0.014885594
0.015507210
0.015673107
0.015292197
0.030713664
0.014876336
0.029924963
0.015425354
0.015237037
0.016848522
0.029982876
0.015016817
0.015008089
0.016357355
0.014941737
0.015178010
0.030921503
0.014979357
0.015745430
0.014901209
0.015557639
0.015682532
0.030653672
0.014945290
0.014896848
0.015376672
0.015810854
0.014869590
0.015352293
0.032764506
0.015720741
0.015073738
0.014943562
0.015987310
0.015385017
0.031437350
0.015557108
0.985099163
0.014938639
0.029744769
0.015111632
0.015009154
0.018381973
0.017469125
0.016633872
0.015999866
0.015092818
0.015510366
0.015106505
0.015378367
0.016742199
0.015350994
0.014925419
0.015087644
0.015765398
0.029878162
0.016255794
0.015227569
0.016941197
0.015740762
0.014894415
0.030588861
0.015586711
0.016119382
0.015338131
0.015661115
0.015630047
0.014930386
0.031956035
0.015367898
0.015102025
0.015480299
0.014902781
0.014873429
0.039802782
0.014995850
0.015803521
0.016148752
0.015161653
0.014961188
0.014914048
0.031105845
0.015181041
0.015685970
0.015058176
0.014945492
0.015098088
0.032454331
0.015487092
0.014880945
0.016595890
0.014860394
0.015073506
0.015066834
0.984814582
0.015165224
0.014953674
0.015121021
0.015373771
0.015825823
0.015702984
0.029977914
0.015225296
0.015195340
0.014985951
0.016066517
0.015201782
0.014902861
0.014989190
0.030747524
0.017430531
0.015573700
0.015449948
0.014891372
0.029945065
0.015904267
0.015641441
0.017049634
0.014998414
0.015705722
0.030232646
0.015103510
0.015294399
0.016081729
0.015214692
0.014849666
0.014925370
0.015106447
0.015035227
0.016551353
0.015534254
0.015538174
0.015909222
0.015103944
0.015050804
0.015396284
0.015451773
0.015056431
0.015502784
0.015067825
0.015040734
0.015005489
0.015153937
0.014907811
0.030190264
0.020193542
0.015196679
0.016400346
0.015095146
0.016891548
0.014953678
0.015078865
0.015151456
0.984653015
0.030423355
0.015371616
0.015083804
0.017561742
0.014864775
0.015335076
0.015649586
0.015479785
0.015927362
0.015087034
0.015035353
0.015025757
0.015089975
0.030344589
0.015512026
0.015190766
0.015348758
0.015594980
0.015627783
0.029780965
0.015086789
0.015148252
0.017543697
0.016252708
0.016379335
0.032455728
0.015164586
0.015070269
0.015323190
0.016642354
0.016484613
0.016658850
0.033484106
0.015485499
0.015529529
0.017475461
0.016622591
0.016598581
0.033959452
0.015143679
0.014947906
0.015635028
0.016902595
0.015450631
0.015077436
0.029904208
0.015082648
0.015924600
0.015661530
0.015315146
0.014932490
0.015797874
0.030078652
0.015235310
0.015192297
0.984740845
0.014910132
0.015396256
0.029789375
0.015171779
0.014947954
0.016509649
0.015582532
0.014871683
0.014898071
0.029900637
0.015032667
0.015485734
0.016330766
0.014904430
0.014889556
0.031467061
0.014867398
0.015597300
0.016578753
0.015083377
0.015467876
0.014886737
0.014976528
0.015157059
0.015999587
0.015003601
0.014929945
0.015332547
0.014961940
0.015497292
0.015130873
0.015048693
0.015411885
0.014966606
0.015487138
0.014871101
0.030916922
0.015775683
0.015807534
0.015462328
0.016971272
0.015099084
0.015888935
0.015035857
0.015061754
0.016737240
0.014849491
0.015440975
0.015026069
0.015611425
0.030629288
0.015281205
0.015440958
0.014980339
0.015676471
0.015394139
0.030129693
0.015036288
0.984471283
0.016954643
0.015539034
0.015687458
0.015361332
0.014910574
0.017117473
0.015049963
0.014938700
0.015168943
0.015512683
0.015837485
0.015338252
0.015636755
0.015015351
0.014923630
0.031872227
0.015836237
0.014869437
0.016145479
0.014992944
0.014947515
0.015021774
0.014964908
0.015328703
0.029769767
0.015238435
0.014927974
0.016469101
0.015590232
0.014906778
0.030477642
0.014973889
0.015110102
0.016990164
0.016623286
0.016508831
0.016627774
0.031525208
0.020764213
0.016326616
0.015201033
0.016221827
0.031824527
0.014947062
0.015031568
0.016364196
0.016433923
0.017149739
0.030347730
0.016444292
0.014939878
0.015060257
0.016838833
0.015939893
0.018237609
0.014945194
0.015004701
0.984815028
0.017246148
0.014939362
0.015667213
0.014969682
0.015036102
0.014957862
0.015332048
0.017728466
0.015383709
0.015741341
0.015950918
0.015018531
0.014961726
0.015647791
0.015509417
0.015021548
0.015029294
0.015517888
0.015943765
0.015148266
0.015002607
0.015489632
0.015437161
0.015565668
0.015105208
0.015439257
0.015723639
0.015236438
0.015819860
0.015829421
0.017327494
0.016886512
0.015011865
0.015250473
0.014928891
0.015137393
0.016918947
0.014981887
0.014969882
0.015481886
0.015234691
0.014927187
0.015213651
0.017355573
0.014916206
0.014885346
0.016146834
0.015373014
0.015008096
0.014948939
0.015327673
0.015212038
0.015006972
0.015499558
0.015599466
0.014962703
0.015550134
0.015381431
0.014943900
0.015279848
0.014979813
0.016095688
0.014915023
0.015547992
0.984978717
0.015273746
0.014966303
0.015681101
0.015678850
0.016886499
0.014953741
0.016347860
0.016249501
0.015313979
0.014937767
0.015334808
0.029707105
0.015657758
0.015672813
0.016292799
0.015259303
0.016202509
0.030286952
0.014991222
0.015128563
0.016317069
0.015214962
0.016242697
0.033874109
0.015000621
0.015336876
0.014954677
0.016078976
0.016171861
0.016090502
0.030395324
0.014962171
0.015066440
0.016232202
0.016316858
0.014884827
0.014995222
0.015441430
0.015475387
0.015046161
0.015489592
0.015412933
0.015606271
0.030276655
0.015518065
0.014924363
0.017352930
0.014908328
0.015057957
0.014895785
0.015438797
0.015013837
0.016510438
0.014819775
0.015607815
0.015036948
0.015694126
0.984673471
0.014978440
0.015142437
0.016364818
0.015628701
0.014892671
0.015182764
0.015841664
0.015178445
0.015079004
0.015546910
0.015684484
0.015674607
0.015755689
0.030499846
0.029982127
0.015299556
0.015055442
0.016616123
0.015745598
0.014997512
0.015001152
0.014891037
0.015309897
0.014918190
0.014925649
0.030491497
0.014916524
0.015248716
0.017145402
0.014971192
0.015048943
0.015561891
0.015131062
0.030586696
0.015038160
0.015576467
0.015417205
0.015649975
0.015965533
0.015215690
0.014937765
0.014841826
0.015097642
0.015631623
0.014998111
0.015167697
0.014993486
0.015509159
0.030295077
0.015245756
0.015115467
0.016771758
0.017035111
0.016941535
0.015061673
0.014983996
0.015686734
0.016499079
0.014922157
0.984546592
0.015008092
0.015327138
0.015101584
0.015085729
0.016530838
0.015956291
0.015580448
0.015567492
0.015601181
0.030205985
0.014949970
0.015301317
0.016807971
0.015560394
0.015744233
0.014917248
0.015439353
0.015415824
0.014986162
0.015366830
0.014871429
0.015398908
0.015533433
0.030120519
0.015047302
0.015451538
0.033460745
0.015153077
0.015640588
0.016470454
0.016661619
0.015684003
0.014888052
0.015352596
0.014964957
0.015513411
0.014925790
0.014932905
0.016310783
0.016550473
0.014992591
0.015609909
0.015123297
0.030519353
0.015697776
0.014928662
0.016444622
0.015507042
0.014948569
0.015515170
0.015493370
0.014958186
0.015104937
0.015076619
0.030957150
0.031728126
0.015203522
0.984425784
0.015787050
0.014929769
0.015229082
0.030688271
0.015009097
0.016664366
0.015157866
0.016416714
0.016484341
0.016454367
0.033644493
0.015144023
0.015031593
0.015698009
0.016843512
0.016861485
0.016979651
0.035950027
0.015136713
0.015097490
0.015065278
0.016191730
0.016572504
0.017223734
0.015002387
0.015091183
0.014956209
0.014899438
0.015419167
0.014952463
0.015396021
0.015901104
0.016877915
0.015097480
0.014900280
0.015405952
0.015143054
0.015467512
0.015188302
0.031087012
0.015537715
0.015988665
0.015641389
0.015576297
0.015518276
0.015596707
0.015136445
0.015345963
0.015094702
0.015217944
0.015313096
0.015508092
0.014842845
0.014847768
0.014998981
0.015597813
0.015072726
0.015239261
0.014892613
0.984341627
0.031936368
0.015634057
0.015005596
0.015489693
0.014894593
0.015419989
0.014922013
0.015236248
0.015405595
0.015877902
0.015120183
0.015213279
0.015621205
0.015538809
0.015596879
0.015195917
0.015627221
0.015229145
0.015662409
0.014990087
0.015006874
0.015643453
0.014960514
0.015238881
0.015729040
0.015544946
0.015594613
0.014967373
0.015022015
0.014964671
0.015750861
0.015545269
0.014851975
0.015228431
0.014965113
0.014894604
0.030231078
0.015030574
0.015281330
0.015563586
0.015288905
0.014974327
0.014908511
0.015015144
0.015054313
0.015561675
0.015421297
0.015104482
0.015249381
0.015438246
0.015717616
0.015037517
0.015332936
0.014956693
0.015219467
0.015480517
0.015638454
0.014899779
0.024409973
0.019488985
0.017366363
0.016836127
0.982989207
0.014995284
0.015542533
0.015389930
0.015983117
0.015407049
0.015602789
0.014930119
0.014913459
0.029943322
0.014917522
0.015162623
0.014924324
0.015456084
0.015450243
0.014826795
0.014943122
0.015043706
0.014850202
0.014923994
0.015210976
0.016854982
0.032922281
0.015031265
0.015254113
0.015579659
0.015149064
0.017096877
0.016619239
0.016703338
0.016126207
0.019084621
0.015627451
0.016432529
0.016644527
0.016843698
0.015021499
0.015054388
0.014981453
0.016239178
0.016278107
0.016692583
0.016597547
0.016458543
0.030206073
0.015123269
0.015059686
0.016740953
0.016611377
0.016340689
0.016879018
0.015067737
0.030107077
0.015097462
0.015957221
0.016178834
0.034930514
0.015811674
0.984398278
0.015489026
0.015005993
0.015377032
0.016394078
0.030559627
0.015375128
0.015785278
0.016737602
0.015440640
0.015600590
0.030688439
0.015304161
0.014885754
0.015406115
0.014829421
0.014898408
0.015300638
0.014959950
0.015444455
0.029967790
0.014997611
0.015029378
0.015027818
0.016449892
0.017301905
0.017491556
0.015795073
0.017762215
0.015436755
0.015087549
0.015052617
0.015048730
0.016350645
0.016052771
0.016793529
0.015064908
0.014984766
0.015095213
0.014927671
0.016381133
0.016242744
0.016859214
0.032751612
0.014961380
0.014972685
0.016174293
0.016160904
0.016649467
0.017209851
0.016264668
0.014895019
0.014882222
0.015591916
0.014926804
0.015130401
0.015070656
0.017402301
0.015105080
0.984919698
0.015510876
0.014870061
0.015515053
0.014903414
0.014938117
0.029924501
0.015984682
0.014981780
0.015397712
0.015016671
0.014895189
0.030509174
0.015643719
0.014953960
0.014918823
0.015419504
0.015293640
0.029825775
0.015253948
0.014929612
0.014955600
0.015822910
0.014860162
0.015763205
0.015165976
0.015235416
0.015237634
0.014986208
0.015316807
0.015698257
0.015608726
0.016585726
0.015411781
0.015960572
0.017219573
0.015331749
0.015192639
0.015259236
0.015657072
0.014911405
0.015732543
0.015670001
0.015348425
0.016535281
0.015599194
0.015089138
0.015102645
0.015028336
0.015067554
0.015418952
0.015370663
0.015395558
0.015688221
0.015454070
0.030397917
0.015037695
0.015490831
0.019034580
0.015043318
0.015051115
0.984470410
0.015025848
0.015053046
0.016572710
0.016671241
0.033891528
0.014935212
0.015007513
0.014989528
0.016088348
0.017229178
0.016803214
0.030470657
0.015100969
0.015181142
0.035599078
0.017037483
0.030099686
0.015304276
0.015036771
0.016631386
0.017309577
0.015081237
0.015535903
0.015057055
0.015228580
0.015346141
0.015428992
0.014933951
0.029909767
0.015249856
0.015694365
0.015675951
0.015016153
0.015262666
0.030934198
0.015492977
0.015780740
0.016562065
0.015611072
0.015386935
0.014881952
0.015411706
0.015645719
0.015643637
0.015708714
0.014918869
0.015631776
0.014974041
0.015314007
0.015225431
0.015012646
0.015427373
0.014842094
0.015458566
0.015270190
0.970175364
0.015262283
0.014946416
0.015083447
0.014969233
0.015281401
0.015095994
0.014992852
0.015330020
0.014943488
0.014938350
0.016000144
0.015231862
0.015830781
0.030344301
0.015275344
0.015084419
0.015513640
0.014893931
0.015568070
0.029965465
0.015937247
0.014962158
0.015065874
0.014879974
0.014866503
0.015010773
0.015116437
0.015077937
0.015564814
0.015514052
0.014873982
0.015604792
0.015043338
0.029682502
0.015564898
0.015880355
0.015657773
0.014844427
0.014965528
0.015616642
0.015013875
0.015045590
0.014947264
0.015081955
0.015175558
0.015221514
0.014957905
0.015609178
0.015082673
0.015135228
0.015042656
0.015147741
0.015035313
0.015318487
0.030132778
0.014940076
0.015520726
0.014934826
0.014849099
0.014944438
0.984250103
0.014968771
0.015224444
0.015373438
0.015108227
0.015068451
0.015388100
0.015299328
0.015980894
0.014979018
0.015041126
0.015546861
0.014935891
0.015255348
0.014969719
0.015277806
0.015032786
0.015061453
0.015156310
0.014865778
0.015102679
0.014963488
0.032615350
0.015281132
0.015082000
0.016155306
0.016434323
0.016665638
0.016667330
0.015002873
0.015795827
0.016627571
0.016389003
0.016549071
0.016617131
0.015146057
0.015007790
0.014976776
0.016105897
0.016132788
0.016374159
0.016446173
0.015413333
0.015209210
0.015136201
0.014868005
0.015209044
0.014941392
0.014979416
0.015662065
0.015296915
0.015053608
0.015172044
0.015222598
0.015083533
0.015229738
0.014927849
0.033907525
0.015617365
0.015025433
0.015706343
0.015332553
0.014957823
0.984865369
0.015696503
0.015220031
0.015518930
0.015520299
0.015646988
0.014900395
0.015668216
0.015374061
0.015234255
0.015101556
0.014860593
0.015403674
0.015529437
0.015141329
0.015292104
0.015010840
0.014916509
0.016031230
0.030984082
0.015626189
0.015785783
0.014981133
0.015165715
0.015157676
0.014924596
0.015709012
0.015521120
0.014912632
0.030010470
0.015712035
0.015761977
0.014843569
0.015189254
0.015588633
0.015456777
0.015014669
0.015468515
0.015372549
0.015032091
0.015312588
0.015884298
0.015613946
0.015280357
0.015148291
0.015051024
0.015142330
0.015566993
0.015433932
0.014894230
0.029852646
0.014985034
0.015394288
0.014962587
0.015167507
0.014910746
0.015169844
0.014951994
0.015422138
0.015829876
0.014922997
0.015437034
0.984126982
0.015547582
0.014925686
0.015540543
0.015647990
0.015448617
0.015438732
0.014892348
0.014885550
0.029954413
0.015550852
0.015847165
0.014963154
0.015248471
0.014947349
0.015159429
0.015553978
0.015595453
0.015042651
0.014973752
0.015576320
0.015183100
0.015742183
0.015823139
0.015569823
0.014899302
0.015383537
0.015143788
0.016199279
0.014993325
0.015172866
0.015019805
0.015424863
0.015014954
0.015034789
0.016220871
0.016101490
0.016737247
0.019811923
0.016138245
0.016636810
0.016701465
0.016490825
0.031100111
0.014979170
0.015054441
0.016507960
0.016303601
0.016818629
0.016119476
0.014964771
0.014926449
0.016790018
0.016575305
0.016535984
0.017227657
0.032054292
0.015830945
0.016865028
0.014932557
0.014899126
0.984531098
0.030254318
0.030514275
0.015986544
0.015100339
0.015263149
0.014889491
0.014859872
0.030074409
0.014960534
0.014873722
0.015321473
0.014867297
0.014935694
0.015446917
0.015042661
0.015261296
0.014971079
0.014906416
0.015710415
0.015622408
0.014998605
0.015067801
0.015002260
0.015466583
0.015664485
0.014899485
0.015364852
0.015973331
0.015022369
0.030793945
0.015490690
0.015096250
0.015759414
0.015711931
0.014877674
0.015384341
0.015290473
0.015181796
0.015036370
0.015056731
0.015566880
0.015244129
0.014996856
0.015180812
0.015126093
0.016184404
0.015005243
0.016218287
0.035630457
0.016214569
0.015092671
0.015031911
0.016132305
0.016550736
0.016386947
0.030864094
0.015653159
0.014972752
0.983712950
0.016932995
0.017567858
0.015047430
0.015130416
0.015041263
0.015282194
0.016353768
0.016329836
0.016669238
0.016756226
0.014869740
0.015104735
0.014981228
0.015548799
0.015541537
0.015098806
0.015096790
0.030538186
0.015020749
0.015011718
0.015747559
0.015240206
0.014940277
0.015053585
0.014957405
0.015647677
0.015209924
0.015035008
0.015513183
0.014869103
0.014853197
0.030531955
0.015288489
0.015074694
0.015009287
0.015387804
0.015141315
0.032414602
0.015383732
0.015595110
0.014868106
0.015741346
0.015468684
0.014972637
0.015009527
0.015122052
0.014966147
0.015496001
0.015814035
0.015074364
0.015832103
0.030713435
0.014969456
0.015256235
0.015319926
0.014869819
0.014907642
0.015004641
0.015025556
0.015268649
0.984984416
0.015042382
0.015277290
0.015085882
0.015710102
0.014887078
0.015973839
0.015025244
0.016501792
0.015208406
0.015484304
0.014922211
0.015497034
0.015380130
0.014917956
0.015117688
0.014953404
0.014889583
0.015010456
0.015123675
0.014947853
0.014917413
0.014995077
0.016010260
0.015508244
0.015576420
0.015674244
0.030738434
0.015109642
0.015888384
0.014923348
0.015294057
0.014901333
0.015191060
0.015055833
0.015391585
0.014920214
0.015065940
0.015148678
0.015794067
0.014863245
0.015047726
0.015113243
0.015657493
0.014876881
0.015296653
0.015199526
0.030691749
0.015381946
0.015600419
0.015108351
0.015155568
0.014865868
0.015451930
0.031866180
0.015120413
0.015052190
0.014998080
0.014956665
0.015467070
0.014987946
0.014994728
0.984807073
0.015831504
0.015472195
0.015072652
0.016163520
0.015501658
0.014985621
0.014899399
0.015258507
0.015296684
0.015686780
0.015743608
0.016005054
0.015075380
0.014838004
0.015363144
0.015011581
0.015622222
0.015479129
0.015116478
0.015105012
0.014916156
0.015512045
0.015683632
0.015603934
0.015017158
0.014882858
0.014907318
0.014973363
0.015088922
0.014860992
0.014971179
0.014932914
0.014842296
0.015224593
0.015826877
0.015346012
0.015124263
0.015050333
0.015017983
0.015308125
0.015034425
0.015129061
0.030039383
0.015277823
0.014865081
0.014858807
0.015179315
0.015066578
0.014979003
0.014867771
0.014944846
0.015795674
0.015871923
0.015305314
0.015840678
0.015548933
0.014864733
0.015647152
0.015431288
0.015024133
0.015282351
0.015382107
0.014904917
0.015013783
0.984804444
0.014929535
0.015017448
0.015011561
0.015690951
0.015782708
0.015053560
0.014948152
0.014978820
0.015337742
0.015340837
0.015018693
0.015038425
0.015244761
0.015322931
0.015967460
0.015574751
0.015587082
0.015428109
0.014903872
0.015128708
0.014955759
0.015610262
0.015336099
0.015007514
0.015478523
0.015023717
0.032975637
0.014983893
0.015096758
0.033381906
0.016444912
0.033154539
0.014951562
0.014959828
0.016838675
0.017060048
0.016739669
0.016286707
0.016184220
0.014905750
0.016455622
0.016159825
0.016435258
0.016820190
0.015385338
0.015016657
0.015242063
0.015193610
0.030309804
0.015461531
0.015048148
0.030037126
0.015602462
0.015625398
0.015432326
0.014880130
0.015302452
0.014953011
0.984774518
0.014963884
0.015623086
0.015745459
0.015593358
0.015252447
0.015056315
0.029990384
0.016002531
0.014980621
0.015355931
0.014897486
0.014951776
0.031519030
0.015487280
0.015948104
0.015270750
0.014967500
0.015093362
0.015228783
0.030960284
0.015133688
0.015100501
0.014933332
0.015181878
0.015856483
0.015382150
0.015180891
0.014908599
0.014875928
0.015339712
0.014935473
0.014922320
0.015309827
0.015599300
0.015096213
0.015240935
0.014913684
0.016116295
0.016152370
0.016611310
0.016678847
0.014915777
0.015155701
0.017036498
0.016085805
0.016694032
0.016314743
0.029844645
0.014988401
0.015068123
0.016220797
0.016487237
0.016891683
0.030510965
0.015766886
0.015018942
0.016626174
0.016819999
0.015983873
0.984730308
0.015042579
0.015475707
0.015420260
0.015045594
0.015032633
0.015584989
0.029917158
0.015067791
0.015827181
0.015488721
0.015082495
0.015170920
0.015967969
0.014992572
0.015288580
0.015039843
0.014980027
0.015813697
0.015704256
0.015113193
0.029945392
0.015076568
0.015275104
0.015493381
0.015610502
0.015774588
0.029868154
0.015184765
0.015330135
0.014946276
0.015019781
0.015167346
0.015678743
0.015242605
0.015058490
0.014989423
0.015662323
0.015629120
0.015304394
0.015161857
0.015120332
0.015812421
0.014861906
0.014858380
0.015136666
0.014896629
0.015718726
0.031038725
0.015958219
0.014991260
0.015042552
0.014890838
0.015076956
0.015632877
0.014974404
0.015150204
0.014956612
0.014978097
0.015498152
0.015296316
0.984408220
0.031010661
0.015500662
0.014969485
0.015304464
0.014933423
0.014933499
0.030097097
0.015498048
0.014904756
0.015400674
0.015366886
0.014944695
0.015027275
0.014898522
0.015005855
0.015531970
0.014879494
0.014996635
0.015485926
0.015163368
0.015091298
0.015037967
0.014938904
0.015022556
0.015172580
0.015190349
0.015400002
0.014910631
0.015550974
0.015605826
0.015914764
0.015074799
0.015956150
0.015520882
0.015672581
0.015165594
0.015100886
0.015896352
0.015329537
0.014873898
0.014997681
0.034785128
0.014898350
0.015296396
0.015158770
0.016361028
0.016216748
0.016420034
0.033927783
0.015056267
0.015170417
0.016285949
0.016627720
0.016744201
0.015702754
0.014972872
0.014996778
0.016429779
0.016313688
0.016435780
0.983683956
0.017768807
0.016621636
0.014904850
0.015312597
0.015432301
0.014875259
0.014956374
0.014926153
0.029949578
0.015437904
0.015049526
0.015314881
0.015074833
0.015088140
0.029999997
0.015181341
0.015125241
0.015895590
0.015652399
0.015165709
0.014934749
0.015429814
0.015111806
0.015298768
0.014873998
0.015311962
0.014910635
0.015024928
0.014935418
0.015082897
0.015107916
0.014917848
0.014998553
0.015887339
0.014868876
0.015281619
0.031092629
0.015616524
0.015315402
0.015173211
0.014965549
0.015235026
0.029680465
0.015018012
0.015747977
0.014969893
0.014883996
0.015164413
0.015892104
0.015487508
0.015553815
0.015789689
0.015827390
0.015403711
0.014941951
0.014997912
0.033064733
0.015640209
0.015975981
0.984655350
0.014877700
0.014984695
0.014875800
0.015776531
0.015845632
0.015655364
0.014896196
0.015782100
0.015243280
0.014954808
0.015321468
0.015354348
0.015766782
0.015718172
0.015302289
0.014891386
0.015249595
0.029902911
0.015778844
0.014933091
0.015871370
0.015256901
0.014938106
0.015606407
0.029865642
0.015306958
0.015218673
0.014876021
0.015184840
0.014879082
0.032077280
0.015762319
0.015716794
0.015501366
0.015358183
0.014936648
0.014954113
0.014962490
0.016317921
0.015566697
0.015632475
0.015360566
0.014869494
0.015357940
0.015408112
0.015153990
0.015592592
0.015631045
0.015353895
0.015239137
0.015091425
0.032348354
0.015566072
0.015087619
0.015096457
0.030620777
0.019256985
0.015015672
0.015392734
0.983391940
0.015204226
0.015709131
0.014921603
0.015606227
0.014947667
0.015303264
0.015497434
0.030073657
0.015027729
0.015294078
0.014865526
0.015643698
0.014882202
0.015326745
0.015747554
0.015558242
0.015425192
0.014959417
0.015489697
0.015342079
0.015756369
0.015499023
0.014990457
0.014951793
0.015000558
0.015014307
0.016300639
0.015520360
0.015729266
0.015448302
0.015064734
0.031141330
0.015110359
0.015178224
0.016473601
0.016561934
0.016569302
0.016402919
0.031430837
0.015523524
0.014963861
0.016430817
0.016669133
0.016953028
0.029995005
0.014938062
0.014946558
0.016475316
0.017286268
0.016645282
0.030445322
0.015098791
0.015065916
0.015240337
0.015221776
0.014970140
0.015444781
0.014968492
0.984496780
0.015615295
0.015669549
0.014908355
0.015013453
0.015074966
0.030146730
0.015722365
0.014919239
0.015336065
0.015599099
0.015644087
0.030569987
0.015458113
0.015374506
0.015039969
0.015271215
0.014946246
0.015187617
0.014960070
0.015195273
0.015093576
0.015367560
0.015067685
0.015134140
0.015078830
0.029795601
0.016024471
0.015770254
0.015471740
0.015463812
0.014854737
0.014962406
0.015023335
0.015116706
0.015050091
0.014928666
0.015374402
0.015247712
0.015548659
0.015390671
0.015565234
0.014848809
0.015759327
0.015250977
0.015312231
0.015804753
0.015460661
0.014890611
0.015540644
0.015113608
0.015698740
0.015547948
0.015622161
0.030653971
0.017330851
0.015890322
0.015429571
0.014846563
0.014969641
0.015312484
0.984676870
0.015115590
0.015317573
0.015313678
0.015634518
0.015028372
0.015570562
0.015541849
0.035097312
0.015031267
0.015290688
0.014877728
0.014947578
0.014973581
0.015542525
0.015561481
0.015580020
0.015520919
0.014948156
0.015379865
0.014873189
0.030177634
0.014833484
0.015407515
0.014878532
0.014834131
0.015280734
0.015053840
0.029996094
0.014901471
0.015409126
0.015613507
0.014951889
0.015304511
0.030032487
0.014963854
0.014862826
0.014911149
0.015323900
0.014887055
0.015299076
0.030481001
0.015395542
0.015651353
0.014916628
0.015640170
0.015486174
0.014871274
0.030706622
0.015779993
0.014918121
0.014918623
0.030794587
0.015499966
0.015046082
0.015834635
0.015400026
0.014891533
0.014892195
0.984539355
0.015618648
0.030371357
0.015116233
0.015247996
0.015294252
0.015900645
0.014909431
0.014986798
0.014952862
0.015814555
0.015451447
0.017081147
0.015184703
0.015404111
0.015794569
0.015046972
0.015028907
0.015002309
0.015844910
0.015323971
0.014915067
0.015373745
0.015739763
0.015600738
0.015614475
0.015205299
0.015114049
0.015014506
0.015196475
0.015504269
0.015296031
0.015262204
0.015264581
0.014854550
0.015716532
0.014913455
0.015125783
0.015054455
0.033256319
0.015517411
0.015090932
0.015089853
0.015573156
0.015199746
0.014991175
0.014860861
0.015051154
0.015530821
0.015473387
0.015592583
0.014940184
0.015245147
0.015019187
0.015687912
0.016311211
0.015353093
0.014886597
0.014908104
0.015772184
0.015232543
0.015289139
0.014988719
0.985108881
0.015716504
0.015464169
0.015008658
0.015273600
0.014909492
0.015283259
0.015600760
0.015337157
0.015133668
0.015641080
0.015026392
0.015016058
0.015272506
0.015071730
0.014917016
0.014934570
0.015782183
0.015860275
0.014918970
0.015580714
0.016541101
0.015625094
0.015029271
0.014910862
0.014915786
0.014886835
0.015728425
0.014950902
0.014986301
0.014992187
0.015145422
0.015990963
0.015356561
0.014959676
0.019421045
0.014930009
0.015317371
0.014990571
0.035109816
0.014976403
0.014994220
0.014955109
0.016163603
0.016450293
0.016398877
0.032866044
0.014925349
0.015506809
0.015069467
0.016385572
0.016985905
0.016858943
0.033306195
0.014972714
0.014964699
0.016554333
0.016537131
0.017460678
0.015040864
0.014971270
0.984617535
0.015247835
0.015245194
0.014870542
0.015477779
0.014860328
0.015305017
0.015866712
0.015367075
0.015734412
0.015347526
0.015463977
0.014869120
0.030941674
0.015917314
0.014923476
0.015357819
0.015313377
0.014959508
0.030877557
0.015203856
0.015139914
0.014933091
0.015031403
0.015048145
0.015375601
0.030321459
0.015835903
0.015579078
0.015550195
0.015666357
0.014950938
0.015631796
0.015126694
0.015203528
0.015462552
0.014950799
0.015253303
0.014862172
0.031085720
0.015257623
0.015419433
0.014929084
0.015077563
0.015066441
0.015843079
0.029971709
0.014888941
0.015612641
0.015389788
0.015723525
0.015234016
0.015006305
0.014954722
0.015261633
0.015043093
0.015296326
0.014899274
0.014955528
0.015620262
0.969201442
0.016015241
0.015447267
0.014946551
0.015613715
0.015590275
0.029676806
0.014962066
0.015060825
0.016042384
0.015144219
0.015009000
0.014988296
0.030582191
0.015850847
0.015717025
0.014871699
0.014983393
0.014867286
0.030274743
0.014919759
0.015088299
0.015226482
0.015701231
0.015572352
0.014965978
0.014961189
0.015327874
0.015656191
0.015691773
0.015237021
0.015854676
0.014860520
0.030704501
0.015783595
0.015736530
0.015637274
0.015683767
0.015288985
0.014933788
0.015382478
0.015804078
0.015711868
0.015481271
0.015666172
0.016032000
0.015534821
0.017452876
0.015437028
0.015591939
0.015035779
0.015580177
0.014882941
0.015403573
0.014881825
0.015538603
0.016010960
0.016311050
0.014915266
0.014984912
0.983908605
0.015018985
0.015049708
0.014864065
0.015409576
0.015683388
0.015600307
0.015540901
0.015421630
0.014959290
0.015009895
0.015155140
0.015596115
0.015645953
0.015309403
0.014832613
0.015046520
0.015328582
0.014887148
0.015138885
0.015023706
0.014970711
0.015108088
0.030269417
0.015097327
0.014896089
0.015039373
0.019900621
0.015509943
0.014988275
0.017817731
0.014988811
0.014862930
0.015910403
0.015270207
0.015037085
0.014946132
0.014945820
0.014994339
0.014864778
0.014966627
0.015009637
0.015575534
0.015833748
0.015102347
0.015330680
0.015515296
0.014885072
0.015433145
0.015690554
0.014953373
0.014988066
0.014906674
0.015719310
0.015477843
0.014874727
0.014956646
0.014977872
0.015648197
0.014924895
0.015141362
0.015646239
0.015837746
0.014962920
0.014974186
0.984543574
0.032611248
0.015183934
0.015896384
0.014879413
0.014949440
0.015650402
0.015415359
0.014943558
0.014897268
0.015212022
0.015968736
0.015433359
0.015357575
0.015016583
0.015065591
0.015215985
0.015311357
0.015891223
0.015870574
0.014925393
0.015437234
0.015478721
0.015015224
0.015385835
0.015475448
0.014991124
0.016101727
0.015073728
0.016845588
0.016481124
0.016846813
0.017834187
0.014922892
0.015387317
0.029875285
0.014970952
0.014934078
0.016280042
0.016215320
0.016021637
0.015268003
0.015623239
0.015533230
0.015265799
0.015014094
0.014940429
0.015158994
0.030057267
0.015078940
0.014992911
0.016636873
0.016694086
0.016378439
0.014876776
0.015413829
0.014937548
0.015417902
0.016706565
0.015545955
0.014917751
0.984312080
0.015051997
0.015032528
0.016025989
0.016362274
0.016408626
0.016764142
0.015148918
0.015086049
0.015205433
0.014894003
0.016024803
0.015817822
0.015341571
0.015819228
0.015711154
0.015302447
0.015902782
0.015559932
0.015100656
0.015123486
0.014957521
0.015299774
0.014896447
0.014841356
0.015313856
0.014910221
0.015428089
0.033466798
0.016073746
0.015055650
0.015692203
0.015515217
0.014898705
0.015062237
0.014913252
0.015733774
0.015511496
0.014926546
0.014885837
0.015203281
0.014911688
0.030665311
0.015381376
0.015003310
0.015264959
0.015538034
0.014920817
0.015133290
0.015038428
0.015235708
0.015656605
0.015119092
0.015220055
0.015120616
0.015751362
0.015268490
0.015914049
0.029822707
0.016250492
0.015050728
0.969796305
0.015118682
0.015665241
0.015834058
0.015514609
0.014901110
0.015262325
0.030098522
0.015309208
0.014968364
0.014941852
0.015218799
0.014972792
0.015116059
0.014883929
0.015109442
0.015388341
0.015650459
0.015401002
0.015723084
0.015499025
0.030833508
0.018184518
0.014995122
0.015021435
0.015353945
0.015877233
0.014988456
0.014924753
0.015400358
0.030538241
0.015396581
0.015702812
0.015550283
0.015090709
0.015137427
0.015596934
0.015029887
0.015673306
0.015393275
0.015494037
0.015620506
0.014828908
0.014859714
0.015492974
0.015366302
0.015647130
0.014873720
0.015790178
0.014954311
0.015254306
0.015660301
0.015637508
0.015494017
0.014935120
0.015697673
0.015304739
0.015539793
0.015974342
0.018685901
0.014870860
0.015275175
0.984846648
0.015095074
0.015547893
0.014988105
0.014955597
0.015042998
0.015210548
0.014870651
0.015159014
0.014953218
0.015042514
0.015098872
0.015359154
0.015747156
0.015402802
0.015631881
0.015004074
0.015018616
0.015157245
0.015475013
0.015285961
0.014918215
0.014913125
0.015282757
0.014991984
0.015392448
0.016164882
0.015107018
0.014903262
0.015163089
0.015067685
0.015038835
0.015085772
0.015661327
0.015834215
0.016359102
0.015055608
0.015342377
0.015016347
0.015017709
0.015108934
0.015599722
0.015535870
0.015620328
0.014846279
0.029756713
0.017232111
0.015237993
0.015718568
0.015544676
0.015724965
0.015797589
0.015345934
0.015806177
0.018072313
0.015243161
0.014905469
0.015123684
0.030391138
0.015251569
0.015021359
0.014862431
0.015966759
0.984780925
0.015675631
0.030252144
0.015629831
0.016158137
0.015342137
0.014989104
0.015468003
0.015602206
0.015085162
0.014947397
0.015227385
0.015600215
0.015003942
0.015390779
0.015292284
0.015172111
0.015032933
0.015107414
0.015308632
0.015123776
0.015054689
0.015072270
0.015607698
0.015779188
0.015824718
0.014967674
0.015083968
0.014945781
0.015122830
0.014995593
0.015114004
0.014932406
0.014985160
0.015486119
0.015491671
0.015367461
0.014887064
0.015714926
0.014979491
0.030035359
0.015360943
0.015817373
0.014955612
0.015665313
0.015344910
0.029917437
0.015077777
0.015135538
0.015302793
0.014939974
0.015275054
0.014925660
0.015163508
0.014876513
0.015649253
0.015760094
0.014914363
0.015333390
0.015342015
0.017815025
0.015508537
0.984665533
0.015070765
0.030914972
0.014947973
0.015303236
0.015413111
0.015446540
0.015125102
0.015691718
0.015359687
0.014987218
0.015618531
0.015084184
0.015104065
0.015249708
0.014973574
0.015331385
0.015531331
0.014868088
0.014989199
0.015232619
0.015087450
0.014889182
0.015521002
0.015777308
0.015559793
0.015316720
0.033240271
0.014899903
0.014982357
0.016380201
0.016243369
0.016392858
0.015040236
0.015069900
0.016370312
0.016717156
0.016361334
0.015248953
0.029890143
0.015018362
0.015022235
0.016582952
0.017383634
0.014896294
0.030614368
0.014995635
0.024325563
0.029510560
0.015231599
0.016262318
0.015490922
0.015210913
0.014904104
0.015363202
0.015700614
0.029724011
0.015675186
0.015398655
0.984912110
0.016344968
0.015235515
0.034034098
0.016065128
0.015174959
0.016060554
0.015338666
0.015379985
0.014907940
0.015464657
0.015095571
0.030167089
0.014887949
0.014969354
0.015390463
0.015445829
0.015657779
0.015426867
0.015197404
0.015320475
0.015745307
0.017104053
0.014947787
0.014870316
0.015430723
0.030115654
0.015208241
0.015210508
0.015498360
0.014863941
0.015678425
0.015075027
0.030215369
0.030567215
0.015294861
0.015394064
0.015636310
0.029657038
0.015032543
0.015901725
0.015191448
0.015750214
0.014883354
0.015479955
0.014948312
0.015309020
0.014937832
0.014949857
0.015130704
0.015070274
0.015733406
0.015445914
0.015384076
0.015020873
0.014994262
0.016876829
0.014848612
0.014936749
0.970261945
0.014930937
0.014912608
0.014891249
0.015274165
0.014994380
0.015023601
0.029769502
0.015308620
0.014988192
0.015293578
0.014901514
0.015089356
0.033192314
0.015847758
0.015445440
0.015031450
0.015490453
0.014910377
0.015125221
0.014936390
0.015102068
0.015090080
0.014912563
0.015249992
0.015533910
0.015209450
0.030231320
0.015576966
0.015397073
0.014962984
0.015534224
0.015206735
0.015038708
0.015079007
0.014917186
0.015792000
0.014933829
0.015225583
0.014870442
0.015400745
0.015459952
0.015071283
0.014888464
0.015349372
0.015389524
0.015209344
0.015208276
0.015164309
0.015618651
0.015442360
0.015554258
0.014843168
0.014858275
0.015534357
0.015109879
0.014863304
0.030337294
0.015250835
0.014931417
0.984667160
0.015944668
0.014979009
0.015446234
0.015554741
0.015086456
0.015267721
0.015255034
0.014917677
0.014854738
0.014925154
0.030240201
0.015536057
0.014989282
0.016332588
0.015780423
0.015119023
0.015979620
0.014897299
0.015210365
0.015411054
0.015035304
0.015576717
0.015111479
0.015018185
0.015368231
0.015690787
0.014968451
0.015636510
0.015614574
0.015536692
0.014856868
0.014856822
0.015180968
0.029769802
0.031600778
0.015081305
0.019207780
0.016462251
0.016563136
0.016456680
0.017224734
0.029787803
0.015003732
0.014972073
0.016508470
0.016810100
0.016420840
0.029924900
0.014911436
0.014980392
0.016392311
0.016616662
0.016413559
0.029901844
0.015207024
0.015764960
0.015514295
0.014986598
0.984973831
0.029810267
0.015333883
0.015664721
0.016393200
0.015760744
0.015389728
0.014890681
0.029756451
0.015040351
0.014955637
0.015380214
0.015397027
0.014865789
0.015696980
0.014918655
0.015417243
0.016134420
0.015062878
0.014898801
0.015443157
0.014909577
0.015401930
0.015376214
0.015171937
0.015325183
0.014902812
0.014990732
0.015176016
0.014926868
0.015849003
0.015243063
0.016247756
0.015278091
0.015746978
0.016198722
0.014928261
0.015385736
0.015137190
0.015146408
0.015156636
0.015109847
0.016017964
0.014868369
0.015933219
0.015110518
0.015216595
0.015539733
0.016065257
0.015328544
0.015724544
0.014913515
0.030315737
0.015468782
0.015421566
0.014870563
0.014909525
0.014877874
0.015011824
0.034067597
0.015026449
0.984220001
0.014942250
0.015175093
0.015057462
0.015709854
0.015704083
0.015140801
0.015054535
0.015432534
0.015282860
0.014895048
0.015328696
0.014935077
0.016752270
0.015507892
0.014967279
0.015119854
0.015185654
0.015567092
0.030563528