
1657719365.059072523
0.018123173
0.031593463
0.024095112
0.030252991
0.017102313
0.015737863
0.015204181
0.015069485
0.015122554
0.014969031
0.016043924
0.016255119
0.016005817
0.032328963
0.015504339
0.015035239
0.015064126
0.014955490
0.016316702
0.033204442
0.015987751
0.014986655
0.016340224
0.016455661
0.016447380
0.034461851
0.017384950
0.015546578
0.018895345
0.016061869
0.016052476
0.016131461
0.016495456
0.034585013
0.015434264
0.015036739
0.015522270
0.016701102
0.016036877
0.016041373
0.032112622
0.015007527
0.015153483
0.017111324
0.015203000
0.016959465
0.033431832
0.015570522
0.985017794
0.033073536
0.017345012
0.032318181
0.015797566
0.015320086
0.018662860
0.017201631
0.016194069
0.017811961
0.032903847
0.015139880
0.015907325
0.017516857
0.015019688
0.016444042
0.016785922
0.016363840
0.016650610
0.019674100
0.014947752
0.016445920
0.015003872
0.017094358
0.017509325
0.019039807
0.017947333
0.034725659
0.018442782
0.015370203
0.017113199
0.022718245
0.032922115
0.031324896
0.016320580
0.015284516
0.017110291
0.033549726
0.014989031
0.031671435
0.017492282
0.033091439
0.015148752
0.018956501
0.036272386
0.016766976
0.984722491
0.017880000
0.016439891
0.016480244
0.017798934
0.016690448
0.033857842
0.015346474
0.016084200
0.015714823
0.017123143
0.016957919
0.017496436
0.033028375
0.015031504
0.031497681
0.019233165
0.015691643
0.040554672
0.014893203
0.030345866
0.017028527
0.014999150
0.016266416
0.032574618
0.030146090
0.031668115
0.016498980
0.031638845
0.015088626
0.015040473
0.015250774
0.016766851
0.016188152
0.016957984
0.018587672
0.017522645
0.017304760
0.016551885
0.017109796
0.019342168
0.031256039
0.015209351
0.033079212
0.015121292
0.015393209
0.038989736
0.015201806
0.983325056
0.015816286
0.020779274
0.015138736
0.016575587
0.034483077
0.015315851
0.015837841
0.017489302
0.017083415
0.017436749
0.032942081
0.030525512
0.017851885
0.015284498
0.017959867
0.034653868
0.030178306
0.019084133
0.015535986
0.016250953
0.033254707
0.015086618
0.014969140
0.020262864
0.015434265
0.018883400
0.033077234
0.030197602
0.016115010
0.015190754
0.016259593
0.016630392
0.036120223
0.015490517
0.015406926
0.015863243
0.016890074
0.016300962
0.033118267
0.015311846
0.015304443
0.019810166
0.015901890
0.016447033
0.017033129
0.015392376
0.015383278
0.020344390
0.016732840
0.983315043
0.033439215
0.015071925
0.015092209
0.032410743
0.016113005
0.015490731
0.032818559
0.015010263
0.015443589
0.019114911
0.034718084
0.032164836
0.015418022
0.015104063
0.017157732
0.016532597
0.016284861
0.032696811
0.015657051
0.015296847
0.016785282
0.017430124
0.016973981
0.033248871
0.015066209
0.015150626
0.032593595
0.017430147
0.015845612
0.017172458
0.016171188
0.018760227
0.015590572
0.017422734
0.016903421
0.037959858
0.015215243
0.015094095
0.016524045
0.038872703
0.015065008
0.016409779
0.015100059
0.017466457
0.015508429
0.017375550
0.983077847
0.019125595
0.015252708
0.016468333
0.034255430
0.015238626
0.015274755
0.016862447
0.032860158
0.016774049
0.014947888
0.036284284
0.015679220
0.016276126
0.017506574
0.034526290
0.017388746
0.015399915
0.015082838
0.018900050
0.015089672
0.016972700
0.035670806
0.015004553
0.014968939
0.016648339
0.016696614
0.017090848
0.033477288
0.015952092
0.015141800
0.015055490
0.016662802
0.018420952
0.032848747
0.015929132
0.015154254
0.015354591
0.017150431
0.018196447
0.017085277
0.033855987
0.018211778
0.015384303
0.031243417
0.014937720
0.015452881
0.966173512
0.015080497
0.015355797
0.015124044
0.016273240
0.016146308
0.035390980
0.014975783
0.015527956
0.015896462
0.015629515
0.016916101
0.016627188
0.033017155
0.015697795
0.015375582
0.032788092
0.037393218
0.025239902
0.015934443
0.017209084
0.015648492
0.016194768
0.015635313
0.015358705
0.015548596
0.016830020
0.035412457
0.019295615
0.014989066
0.015327688
0.016825277
0.016484662
0.016147484
0.033547988
0.014943685
0.025099449
0.015194735
0.037666898
0.015171894
0.015322761
0.015968829
0.016144288
0.016481848
0.032714416
0.015088450
0.015096642
0.016054376
0.016778689
0.969547703
0.015220394
0.015457859
0.017295597
0.016502096
0.016365444
0.032790505
0.015237411
0.015890949
0.014970261
0.015052157
0.016209394
0.016332540
0.032842145
0.016112365
0.015024721
0.015035458
0.016067975
0.016480313
0.016539124
0.033957260
0.015009518
0.015009265
0.015038276
0.016761077
0.017664606
0.032655929
0.016271832
0.015659912
0.031951976
0.015003929
0.015335914
0.033735709
0.015067205
0.015053149
0.034802106
0.018059289
0.032243923
0.014964445
0.014957516
0.014984080
0.016279099
0.016391263
0.016482030
0.038859800
0.021523518
0.058464369
0.015959207
0.018913427
0.985069530
0.017590502
0.015019459
0.015042273
0.034639241
0.017416924
0.016197450
0.038116756
0.014995371
0.015281103
0.016316112
0.016875238
0.016301942
0.016504792
0.034730129
0.015036788
0.015066174
0.016588993
0.016596632
0.033002921
0.014939423
0.015130209
0.016038567
0.015391913
0.016686731
0.016297218
0.038298686
0.014927350
0.015093289
0.016527150
0.016192811
0.016354889
0.032831708
0.014981594
0.014968588
0.032077497
0.017211584
0.032557105
0.015030203
0.017136098
0.015012424
0.016268938
0.016160547
0.033039751
0.016660775
0.015483317
0.015651116
0.031827640
0.032292003
0.963862191
0.015123937
0.015063635
0.016340614
0.040244487
0.029184575
0.016328554
0.015398720
0.015838447
0.014986531
0.017501977
0.014997699
0.032344079
0.032189333
0.040155540
0.031037188
0.017815253
0.017205335
0.015744550
0.033275404
0.015019935
0.015004706
0.016464143
0.016654833
0.016725703
0.033490910
0.016276267
0.015075277
0.015071547
0.033687313
0.041905538
0.015329633
0.015700558
0.015274869
0.017065160
0.017260081
0.016653546
0.032331578
0.015818825
0.015866801
0.017212149
0.034028912
0.032283738
0.027367358
0.015060397
0.016970018
0.020194606
0.985005784
0.033930667
0.014911202
0.014985073
0.035746746
0.017487936
0.015039207
0.033865077
0.014965754
0.015109903
0.015007981
0.016192750
0.016164601
0.033167871
0.015085104
0.015201925
0.015225116
0.016945862
0.016214829
0.016282427
0.032225532
0.015159273
0.015352382
0.031586924
0.017005046
0.014980677
0.033282717
0.015892804
0.014968161
0.016109193
0.016529884
0.016611697
0.033453577
0.015217031
0.031187531
0.031010466
0.016453982
0.015384197
0.016514756
0.015411961
0.016594507
0.016225805
0.017058119
0.036017365
0.021122342
0.015029245
0.015202180
0.016963575
0.033823828
0.982500309
0.014976872
0.015067415
0.015068194
0.016341263
0.016522732
0.034898808
0.015369949
0.015852107
0.015437399
0.016485605
0.016884629
0.016416785
0.033452246
0.015048218
0.015060581
0.016715972
0.016538127
0.016442020
0.032541300
0.015099421
0.015043368
0.016104988
0.016234383
0.018447387
0.031426195
0.015157276
0.015098934
0.014983894
0.016089193
0.016916236
0.036261221
0.014924478
0.014988416
0.015043001
0.016505939
0.016397021
0.016677877
0.016541532
0.016754800
0.015074115
0.016596245
0.016419570
0.016342381
0.033956573
0.014989649
0.015269887
0.016674147
0.017305441
0.018751733
0.032826763
0.015848427
0.015060473
0.016391779
0.017130241
0.982942712
0.032415804
0.015067108
0.016976774
0.031622154
0.033583912
0.015436838
0.015413353
0.017435037
0.033061818
0.031488625
0.015327617
0.015391129
0.015496209
0.016850222
0.016893730
0.016596767
0.016502131
0.018692514
0.033018051
0.016762228
0.015103399
0.021257610
0.033662905
0.030263008
0.017148293
0.015403155
0.016725957
0.033161712
0.015336750
0.015010013
0.016218259
0.016302976
0.035279138
0.017316763
0.016481744
0.015014290
0.016216884
0.016299408
0.016692277
0.036850469
0.014888969
0.015255315
0.033069369
0.016968838
0.033859406
0.016483138
0.984907432
0.015163444
0.031323610
0.016187762
0.015182218
0.032558671
0.015053742
0.016547837
0.015251526
0.033056780
0.015175511
0.015111055
0.016280820
0.016193015
0.018676437
0.031970945
0.015062959
0.014995632
0.016239807
0.031287227
0.014990224
0.016125037
0.016513681
0.015016625
0.016585430
0.016772905
0.016252756
0.016593892
0.016653021
0.016881937
0.014999558
0.016263749
0.032720648
0.016217263
0.031377124
0.015042894
0.015006737
0.016933214
0.016818360
0.016824179
0.031984556
0.030007701
0.017767028
0.015282653
0.016626007
0.032657459
0.032725459
0.019295844
0.016543478
0.015119299
0.967375658
0.014976597
0.015192492
0.031677999
0.017449171
0.015490326
0.016829299
0.017784837
0.016695786
0.016483097
0.016336536
0.016379212
0.033460246
0.015259231
0.015132235
0.016366770
0.016377262
0.016381744
0.035274638
0.015143549
0.015537762
0.016219453
0.033800400
0.031064089
0.014932805
0.015187901
0.016857475
0.017030161
0.032488036
0.016123606
0.014971948
0.015509991
0.014974438
0.016223601
0.045156482
0.017021678
0.015086314
0.015012460
0.014984876
0.016351447
0.016280970
0.016370759
0.036356381
0.015577961
0.015377155
0.016662021
0.016180961
0.016310549
0.032847019
0.014965823
0.016692932
0.984977130
0.016058397
0.016779358
0.034061792
0.015173953
0.015132432
0.033391256
0.017225807
0.015618025
0.032736314
0.015024187
0.015396565
0.015667380
0.015232029
0.032456798
0.031395193
0.015230310
0.015087261
0.015554456
0.015593645
0.016318110
0.016267153
0.018760324
0.019063372
0.015290661
0.017279032
0.016970250
0.016607245
0.017007938
0.033134688
0.015228164
0.015153224
0.015028753
0.016200833
0.016620154
0.016596662
0.033627459
0.015634571
0.015011111
0.033124663
0.031931289
0.016824421
0.015244313
0.018691130
0.015109816
0.016826492
0.017345036
0.032485336
0.034031329
0.016884517
0.967788209
0.031518637
0.014965258
0.014993537
0.016340520
0.034137745
0.031346070
0.014980076
0.014997603
0.016344003
0.018409715
0.015274936
0.034061765
0.015135207
0.015446228
0.015107045
0.015134385
0.016802804
0.016833523
0.016744146
0.034735056
0.015625660
0.015367313
0.030383984
0.016685624
0.018044670
0.014952841
0.015195749
0.015054844
0.016743930
0.016673724
0.016479861
0.033621259
0.015141226
0.015256477
0.037105380
0.017037777
0.017302821
0.033794886
0.030327026
0.015029225
0.015574353
0.016318264
0.032609018
0.015082719
0.015118317
0.023150633
0.016463456
0.965791050
0.017634112
0.015634387
0.016402466
0.025037248
0.032009572
0.018890237
0.015293500
0.015158843
0.014945528
0.016573030
0.016197009
0.016198621
0.033488627
0.016837670
0.017557300
0.015226032
0.016750744
0.016520504
0.032729325
0.030054580
0.016035616
0.015047247
0.016253424
0.033138382
0.015125726
0.015069027
0.014993395
0.016998022
0.016862392
0.032767070
0.014981189
0.015156145
0.015053188
0.016340299
0.034049889
0.018269005
0.015163531
0.015021309
0.016193900
0.016763579
0.016537568
0.034618663
0.016350260
0.015310788
0.016522010
0.018032803
0.015729198
0.016548058
0.038847671
0.015000987
0.985009117
0.015196666
0.032706528
0.017247470
0.017608658
0.015909435
0.015121996
0.015320972
0.034877938
0.035131082
0.030518704
0.017282602
0.015309888
0.017796503
0.032805049
0.015333388
0.015110892
0.030041839
0.016183023
0.015565327
0.017554452
0.034909933
0.015776180
0.015235933
0.014971616
0.016378616
0.016279391
0.016297072
0.016087439
0.019647918
0.016161135
0.016220457
0.017401933
0.019282162
0.031885189
0.014983550
0.015009664
0.016340510
0.016612714
0.016194188
0.016219034
0.016196977
0.018359232
0.016954802
0.035122244
0.015300615
0.015786388
0.018458140
0.017197743
0.016402054
0.016527052
0.983362411
0.016168747
0.016185575
0.015229363
0.016660480
0.016343190
0.039259036
0.017994876
0.015087601
0.014952317
0.016195314
0.016084002
0.016201652
0.032319921
0.014908567
0.042831639
0.017181101
0.015026636
0.016499686
0.016536954
0.016614052
0.016301691
0.016345471
0.016389312
0.016217261
0.016390770
0.016231191
0.014999295
0.016582633
0.032079016
0.016201147
0.031325386
0.014984559
0.014961753
0.016089310
0.016101155
0.016185753
0.032720336
0.015719299
0.015540134
0.017214176
0.015036427
0.032477740
0.015104658
0.014972647
0.016285276
0.016153791
0.016174995
0.032438956
0.030734038
0.016601618
0.985033929
0.016154696
0.032066911
0.015189523
0.015044338
0.017156400
0.014979629
0.016339917
0.016370849
0.032927260
0.015156931
0.015264965
0.016847547
0.017785869
0.015068087
0.032128593
0.015535689
0.016077287
0.015519386
0.016601764
0.017784866
0.030955962
0.029879036
0.016598063
0.016217515
0.015455374
0.033199278
0.015104884
0.015009828
0.016300963
0.016725590
0.016053522
0.033372241
0.015212666
0.015245388
0.016213951
0.016527138
0.016474104
0.032918217
0.030092918
0.014978860
0.014989606
0.016278937
0.016252830
0.032363308
0.015862335
0.015152586
0.016712125
0.016654367
0.018380806
0.033142618
0.984919543
0.015016021
0.016325135
0.032869576
0.032163950
0.015287413
0.015890539
0.016443481
0.015184502
0.016204352
0.016509085
0.015220560
0.016225011
0.016810623
0.017025669
0.017862790
0.032606192
0.015336099
0.015348881
0.016147349
0.016554154
0.016230022
0.032391453
0.015217286
0.015809039
0.017563094
0.016829153
0.031203033
0.031495709
0.015855004
0.015280187
0.016367256
0.016269324
0.016204366
0.032584522
0.014971761
0.015149453
0.031839826
0.016819748
0.015114975
0.032350013
0.015155434
0.014984728
0.038682376
0.015597592
0.016519062
0.015211555
0.015294600
0.014996736
0.016216829
0.983816739
0.032660330
0.015262960
0.015013176
0.016356701
0.033726367
0.016451155
0.015568950
0.022271886
0.015812188
0.017554547
0.016418119
0.016222908
0.033460680
0.015092282
0.015277737
0.017160868
0.016632825
0.031317686
0.015114871
0.014975025
0.014931622
0.017103108
0.016553455
0.033550992
0.016962644
0.015287328
0.017171275
0.016202577
0.017176067
0.033003145
0.015039643
0.015132691
0.016441572
0.017321617
0.016996012
0.033781097
0.030066453
0.016782156
0.015178001
0.016470922
0.032776292
0.014948545
0.015037053
0.014991533
0.016383611
0.016378511
0.033248898
0.023144324
0.015895132
0.984984135
0.016560687
0.016957624
0.016423312
0.032349876
0.015145735
0.015114726
0.033772086
0.017273817
0.031273679
0.015945075
0.015173902
0.015997040
0.016095610
0.016220141
0.032786464
0.015184763
0.015611258
0.015179501
0.016622439
0.015884608
0.016204753
0.033233970
0.014960466
0.015169436
0.017651736
0.017892058
0.017378848
0.017746125
0.015361024
0.015100172
0.016472561
0.016796555
0.031610973
0.016301032
0.032034723
0.016447143
0.014992075
0.017376320
0.036530008
0.015148944
0.015102434
0.032680329
0.017115581
0.031544022
0.015177207
0.014987911
0.015029354
0.016416606
0.016611906
0.967347345
0.014870926
0.014978679
0.032375203
0.016920956
0.015059475
0.016388523
0.016565056
0.017138354
0.017546613
0.016587272
0.016400954
0.016370422
0.016520676
0.016550932
0.015043757
0.016467996
0.017015215
0.016202558
0.034069413
0.016323741
0.015143520
0.014990340
0.016169498
0.016273885
0.016224337
0.033392452
0.015705759
0.015010798
0.016215004
0.016289451
0.016318129
0.036817195
0.014992459
0.032708420
0.016522166
0.014965237
0.032959794
0.014913190
0.014978388
0.016048364
0.016593192
0.016717209
0.032931740
0.015758984
0.015675362
0.016568883
0.016416931
0.016289805
0.032281248
0.016093705
0.015841470
0.017102842
0.016616551
0.966836069
0.016629391
0.015300086
0.029831475
0.016252869
0.014981318
0.032053198
0.014963808
0.015195509
0.016689374
0.016896262
0.016889334
0.033208833
0.015368928
0.015034343
0.016100286
0.016291614
0.016060912
0.032480592
0.015161166
0.014943315
0.016070948
0.016075409
0.016134001
0.032679149
0.015101383
0.015015097
0.016430136
0.016591553
0.016225040
0.032121958
0.015049496
0.016205693
0.014987776
0.032768555
0.016137188
0.015042946
0.018958815
0.016078584
0.017045031
0.016696542
0.016551334
0.032347327
0.017960064
0.015623910
0.015127489
0.016795000
0.032010310
0.015064126
0.015723439
0.017219865
0.983357536
0.016427908
0.016608312
0.016608250
0.015018214
0.016464132
0.016500154
0.017726270
0.032782874
0.016695216
0.015027094
0.014963215
0.016236548
0.016116483
0.016119215
0.032088881
0.015235437
0.014919751
0.015068879
0.016164172
0.016171415
0.033336864
0.016821811
0.031077299
0.015111246
0.015099364
0.016285582
0.032494508
0.015117322
0.015371007
0.016779308
0.016245686
0.016203090
0.032566442
0.014965117
0.015202561
0.015020649
0.016099574
0.016175735
0.034173005
0.017125275
0.015393247
0.015437337
0.016456459
0.016494691
0.016852584
0.034138002
0.015569909
0.015484988
0.017199701
0.017041865
0.016954167
0.032770392
0.985009959
0.015055531
0.016210211
0.016570222
0.017240469
0.035412816
0.015020409
0.030020603
0.017009227
0.015063190
0.016307010
0.016194616
0.016633378
0.015254765
0.017825580
0.015266277
0.016091052
0.016296959
0.032038954
0.015008117
0.015106921
0.016206982
0.034041915
0.035085307
0.015458221
0.015999307
0.017713520
0.015460603
0.017301689
0.016873409
0.016255277
0.020163146
0.016495610
0.017289026
0.034341983
0.030648559
0.015599821
0.030563563
0.031914515
0.017222718
0.031924882
0.015367700
0.015129146
0.031171575
0.016725827
0.015128800
0.033613951
0.015405355
0.017301050
0.984788032
0.015993873
0.015147121
0.033256566
0.017196740
0.015008790
0.016205715
0.015057000
0.016120819
0.032663045
0.051453734
0.016227732
0.015274744
0.015876172
0.017230927
0.015761086
0.017543195
0.033511385
0.019860749
0.015160984
0.015291234
0.015626890
0.017576933
0.016661799
0.017322469
0.033226382
0.015319437
0.015404690
0.015301364
0.016892746
0.018635531
0.035889789
0.015680714
0.015153464
0.017176624
0.017032813
0.016867175
0.033875835
0.015397872
0.015261262
0.035196843
0.035128619
0.014905658
0.015451096
0.033746957
0.023082144
0.016896290
0.967579998
0.015092218
0.015378097
0.015413742
0.016329367
0.016376696
0.035045651
0.016837275
0.015326525
0.015487560
0.015098743
0.016575309
0.016509932
0.016885147
0.017839252
0.034041778
0.014960435
0.031092583
0.015160632
0.015457664
0.018016498
0.016991471
0.015253541
0.015063312
0.015436866
0.014998350
0.033938197
0.015099774
0.014977151
0.016415008
0.015165218
0.035055820
0.016021377
0.030736667
0.018193527
0.015702095
0.016991840
0.033936172
0.015181500
0.015303395
0.015490984
0.018161117
0.017575826
0.017144429
0.016901892
0.018939416
0.015188731
0.020943836
0.016942127
0.015318002
0.014993657
0.015275283
0.017389959
0.017897819
0.016273737
0.032812000
0.015002524
0.015126313
0.017027331
0.016451284
0.019902167
0.033795858
0.016266691
0.015279340
0.016801037
0.016631238
0.032675428
0.015081273
0.015215378
0.015066545
0.032571308
0.016904626
0.031201701
0.030048458
0.015922080
0.015009039
0.016752522
0.032685047
0.015136540
0.014932122
0.014972744
0.016181798
0.016660727
0.016679555
0.016745124
0.016435813
0.016751957
0.017008235
0.015517439
0.016871913
0.033520262
0.015258105
0.015402009
0.033162586
0.016126491
0.032768833
0.015585125
0.015106528
0.984475704
0.016662040
0.016362961
0.019536070
0.016880924
0.016706496
0.015213656
0.021724211
0.015524413
0.032932266
0.015130394
0.015081275
0.017608743
0.015166973
0.033148657
0.015853126
0.015416621
0.016178323
0.015290057
0.035618827
0.033524665
0.015520456
0.015937322
0.015147349
0.015440908
0.017352641
0.017078048
0.033025846
0.016039074
0.014960641
0.016537469
0.018226424
0.017028972
0.032650116
0.015025850
0.015257980
0.015135859
0.016498246
0.016804573
0.017616066
0.033390430
0.015373692
0.015113608
0.015207237
0.017059031
0.016983580
0.016993345
0.033625830
0.016297067
0.016148428
0.015276981
0.984664059
0.017176455
0.016883461
0.016616699
0.032681924
0.015615158
0.014991290
0.034724887
0.033320944
0.017227679
0.032517375
0.017817736
0.015038412
0.033988520
0.017998575
0.015157041
0.015030680
0.015816057
0.032683024
0.015012997
0.014958803
0.016185603
0.031700270
0.017553125
0.014961446
0.015088395
0.015440405
0.017158546
0.016298627
0.016741907
0.017439096
0.016698625
0.017204592
0.017204573
0.020681279
0.015294499
0.033126337
0.015168406
0.015414312
0.035125326
0.015424733
0.032234481
0.015155474
0.015023438
0.032572159
0.017227654
0.017687965
0.015118952
0.983329061
0.017343790
0.017083974
0.016160752
0.016904143
0.017144335
0.016344127
0.018690001
0.016675225
0.016115796
0.033668254
0.016173542
0.015273202
0.015357233
0.016475712
0.019704360
0.015568588
0.016309765
0.016475545
0.016352341
0.014969860
0.016340537
0.016670229
0.017837599
0.016311198
0.016748076
0.018885871
0.017121806
0.016449674
0.016383743
0.016488521
0.032776876
0.015321263
0.016298891
0.032217680
0.017231589
0.015026406
0.032302890
0.015025645
0.015022885
0.015525235
0.035520429
0.017173252
0.014985727
0.032113400
0.016896352
0.015705258
0.016581432
0.034497586
0.015432578
0.031165412
0.027518126
0.980712552
0.031132514
0.015040802
0.034812831
0.015026662
0.015502700
0.018323067
0.016344099
0.016011280
0.016744964
0.015544195
0.016527954
0.016893468
0.016397130
0.016424224
0.018551976
0.016965571
0.016424270
0.017227643
0.018362662
0.032291629
0.015744780
0.015223500
0.016407922
0.016551628
0.019551255
0.031798194
0.015660152
0.015855979
0.017420387
0.017540632
0.033117026
0.015799523
0.015934367
0.016002918
0.015301376
0.035106550
0.031949823
0.015265674
0.015255522
0.015413950
0.016843484
0.017507351
0.017244361
0.033426928
0.015364233
0.015222974
0.016497997
0.016417501
0.016709190
0.966832762
0.015241012
0.015002302
0.017868694
0.015306475
0.033261291
0.015567366
0.015255699
0.017675759
0.015055653
0.034944946
0.015400266
0.015123970
0.016776726
0.016874691
0.031936170
0.016960985
0.015376194
0.015424579
0.016395968
0.018930690
0.020537345
0.014850628
0.015389983
0.015125133
0.017016140
0.016825191
0.016829358
0.033089446
0.015195552
0.015081487
0.019231425
0.032194056
0.017826903
0.015877966
0.015343140
0.017676496
0.017103333
0.017459864
0.032273998
0.016120102
0.016265107
0.015133719
0.016508984
0.017618321
0.033594214
0.984207383
0.014959413
0.016366413
0.016671944
0.030517713
0.016132388
0.015230241
0.017400013
0.018351502
0.015059425
0.020278683
0.015654276
0.016396071
0.016330209
0.016929661
0.017754427
0.017772073
0.017631162
0.015015918
0.016555316
0.017006592
0.016986386
0.032616746
0.016105691
0.015049844
0.016480922
0.016492089
0.017303065
0.017427118
0.033625863
0.016113391
0.015762517
0.017368303
0.016535979
0.016561030
0.034262079
0.015089165
0.015144632
0.020048158
0.015258637
0.033337651
0.016644158
0.032002881
0.031043798
0.019713159
0.033047326
0.015795250
0.035502108
0.016897271
0.980754062
0.032255977
0.015123730
0.017664808
0.015057748
0.016561241
0.016379065
0.033427715
0.015311719
0.017114459
0.016154720
0.016999065
0.016557819
0.016457829
0.015198691
0.015153128
0.016739448
0.016693817
0.016644024
0.016205980
0.033004107
0.015930623
0.015617598
0.017605714
0.016325305
0.016746426
0.035216300
0.015397982
0.015650667
0.017376676
0.016870189
0.036036766
0.014995505
0.015603462
0.015618373
0.033535539
0.015689969
0.033490337
0.018816612
0.016149174
0.015501837
0.019448698
0.015257545
0.016909691
0.018758688
0.016852107
0.019431580
0.019333580
0.032226068
0.014867263
0.015088019
0.984682734
0.015999087
0.016268975
0.017004873
0.034461009
0.015548676
0.015500051
0.017090341
0.033976110
0.032982138
0.015332775
0.015412184
0.015495103
0.019653491
0.015133821
0.036881155
0.015035299
0.015183524
0.016680114
0.016468744
0.016904720
0.033524095
0.015491313
0.015182650
0.016772530
0.016816341
0.016805270
0.033651890
0.015412570
0.014958298
0.016196051
0.016682368
0.016501929
0.016092147
0.034497141
0.015317875
0.015000137
0.016064509
0.016261092
0.016416108
0.032310707
0.030301142
0.015083310
0.015258303
0.029933215
0.017585903
0.015641751
0.016925228
0.016751338
0.020334966
0.967240867
0.015593462
0.031592361
0.018293577
0.015221690
0.032834498
0.015406296
0.032714220
0.020314001
0.015361281
0.031669219
0.015978346
0.015128626
0.015351736
0.020924301
0.015582431
0.033960002
0.014941755
0.015633689
0.015137511
0.032834537
0.015076517
0.032006532
0.015092192
0.016981103
0.015340432
0.016336355
0.031493329
0.015269543
0.015017565
0.015055815
0.016983005
0.016505631
0.016278848
0.035548543
0.015055423
0.015103643
0.016845897
0.017325744
0.017192660
0.034458491
0.015253663
0.016950381
0.017028555
0.015105443
0.017446905
0.017469651
0.034151635
0.984954099
0.031867228
0.017209653
0.015073665
0.034743291
0.015551006
0.018195481
0.015051157
0.016378156
0.019581808
0.031816837
0.014952887
0.015481252
0.015205603
0.017127260
0.018070797
0.018004616
0.032956436
0.015697171
0.016005248
0.015424760
0.016490995
0.017628947
0.018978818
0.033932432
0.016185038
0.015180755
0.018799186
0.016187893
0.034202510
0.015550472
0.015207977
0.016161760
0.015408245
0.019652462
0.016633674
0.033374151
0.018461934
0.017089673
0.015091545
0.016638307
0.015648682
0.015109014
0.015508417
0.015271610
0.014978270
0.016835129
0.016781965
0.017326374
0.016157670
0.965509927
0.015090535
0.014971528
0.033028647
0.018549697
0.016218922
0.015041076
0.015299317
0.031712344
0.016610080
0.015043681
0.018812181
0.016847220
0.017275383
0.016702816
0.017020623
0.016735215
0.019939730
0.017224280
0.019377494
0.015056953
0.016467958
0.032807874
0.015006447
0.015325901
0.016145150
0.016007428
0.016117258
0.032793972
0.015154387
0.015030713
0.016480814
0.016600225
0.016704505
0.033393405
0.019332773
0.016300510
0.036071904
0.018026626
0.015618361
0.015232083
0.016909278
0.016414368
0.017693347
0.034008092
0.015637308
0.015376082
0.036928657
0.018604376
0.967862548
0.015223300
0.031430980
0.015144162
0.015123927
0.023562029
0.032335108
0.030650492
0.016751058
0.015125885
0.017781405
0.033362744
0.015680356
0.017587479
0.015814556
0.016715813
0.020611595
0.033043067
0.015819379
0.017407384
0.031471378
0.016812291
0.031298144
0.015608729
0.015239340
0.016584407
0.017151867
0.018073135
0.016489178
0.015238140
0.015316024
0.030601695
0.019510086
0.015126564
0.016134417
0.016892496
0.019332116
0.016360393
0.033935635
0.017841809
0.031665910
0.015088485
0.015420836
0.015050749
0.017114992
0.016396117
0.016917084
0.033966617
0.984256773
0.014979477
0.015365313
0.016112505
0.016245744
0.017554440
0.017289774
0.016916461
0.016353270
0.033621158
0.018244210
0.017242215
0.014899730
0.031971446
0.031876676
0.016226899
0.031527264
0.015190466
0.015402202
0.016693558
0.016883551
0.017241300
0.032558600
0.030714765
0.018527024
0.015523438
0.016781396
0.019696196
0.015184726
0.016591840
0.016619019
0.016741627
0.017041985
0.018144224
0.017304282
0.014959372
0.017059933
0.017426606
0.016949425
0.016218687
0.032993804
0.015247625
0.019204799
0.019113286
0.015111153
0.015598574
0.036585223
0.015665932
0.015070109
0.023732501
0.018415130
0.984904679
0.035229433
0.018309090
0.015193413
0.015325193
0.016729761
0.016741367
0.019614725
0.017188279
0.015252180
0.015157686
0.016485481
0.016499600
0.019134135
0.032816318
0.015719955
0.018402748
0.015037891
0.017051309
0.036092419
0.015030880
0.015645194
0.018427956
0.015110583
0.016245434
0.033793840
0.015065688
0.015183319
0.032964297
0.017419236
0.032507570
0.015234933
0.015171486
0.016875135
0.017929313
0.017459022
0.032936323
0.015362532
0.015214356
0.031743887
0.018929914
0.032348468
0.015530713
0.015449922
0.015372837
0.015063836
0.016139091
0.023691963
0.966676524
0.016363031
0.015281735
0.016510119
0.020346205
0.015607683
0.033352361
0.016763415
0.015146957
0.016814061
0.016855231
0.016741492
0.034252239
0.015731676
0.015085761
0.016185266
0.017407350
0.017933787
0.033213825
0.018033236
0.015551174
0.016077070
0.016799677
0.021823989
0.033991493
0.030366317
0.018082917
0.032079124
0.031547762
0.015977001
0.016056133
0.018287257
0.016556071
0.017013272
0.032660176
0.015055165
0.015688948
0.017565918
0.016073586
0.034493381
0.015172541
0.015711021
0.015174366
0.016625502
0.018363398
0.033605645
0.015244403
0.968132744
0.016208419
0.015092350
0.017339386
0.015275458
0.015288239
0.015031235
0.016256084
0.016593315
0.017108193
0.032944320
0.015118908
0.015242470
0.017414922
0.016573318
0.016997204
0.016831721
0.032667309
0.015138584
0.015214456
0.016314488
0.016415710
0.016696378
0.032597203
0.014986776
0.015017526
0.033885107
0.017665409
0.015276937
0.034749508
0.016747245
0.015461251
0.018260110
0.016707475
0.034258539
0.015246102
0.015790639
0.015452237
0.016838058
0.016602472
0.033710682
0.017268436
0.015369096
0.015683659
0.015117793
0.033072346
0.035252287
0.021120483
0.017738372
0.016197127
0.016196090
0.983187071
0.033402915
0.015088342
0.015422521
0.017152784
0.016718579
0.032955729
0.017553662
0.015023333
0.015345818
0.015200219
0.016553037
0.017426097
0.017424857
0.035854264
0.015046312
0.015280009
0.016687515
0.016734915
0.016287736
0.016546962
0.018771034
0.018745951
0.017135966
0.017512533
0.035924913
0.014833237
0.015482940
0.015161550
0.017059877
0.017058223
0.034711198
0.027431563
0.014951319
0.015086449
0.017096607
0.018834012
0.017165262
0.016648959
0.016401962
0.014955987
0.016381891
0.016492780
0.016611534
0.016928365
0.032785919
0.014994064
0.014960999
0.016051912
0.016142212
0.016072895
0.032646208
0.985037417
0.014937993
0.016275195
0.016226370
0.016727751
0.032600955
0.014973728
0.015015275
0.016837215
0.016286890
0.016196018
0.033535582
0.015173592
0.015079596
0.016849504
0.017992872
0.017084416
0.034055484
0.015071897
0.017494568
0.014944617
0.019210696
0.016959951
0.017836038
0.015119471
0.017450849
0.016739810
0.017286449
0.033508952
0.015052433
0.015020203
0.015332974
0.018088738
0.034608651
0.015080670
0.015691348
0.016502621
0.033237519
0.032173729
0.015767798
0.015092659
0.016567902
0.018006993
0.016896875
0.033310345
0.015016841
0.015325774
0.015529373
0.016369117
0.016553049
0.960998020
0.016766458
0.016490734
0.015610318
0.017861280
0.016498019
0.017255077
0.034604383
0.031737319
0.017818437
0.015255228
0.034794286
0.018375323
0.015197917
0.015685190
0.017701448
0.017390054
0.016825316
0.016847496
0.033655092
0.017068619
0.015198601
0.016838999
0.020128757
0.015116502
0.016352113
0.016576442
0.020084904
0.015968931
0.032967839
0.015246816
0.015741812
0.015538816
0.018353800
0.017463965
0.016344488
0.017168556
0.016247613
0.016392678
0.017169272
0.017662653
0.016955999
0.032750843
0.015436486
0.015409106
0.033807605
0.017154675
0.016174934
0.015503760
0.017812822
0.016491119
0.020116986
0.967271240
0.033407734
0.015160350
0.015133687
0.016666116
0.017158197
0.016781942
0.032660749
0.015256722
0.015426158
0.015347252
0.016178580
0.017031863
0.017268601
0.034186763
0.015178267
0.016532879
0.015113485
0.016490933
0.015163322
0.031776433
0.015345445
0.015062724
0.016792276
0.020282345
0.017907684
0.032640918
0.015300564
0.015412594
0.015190946
0.017073562
0.018863313
0.035141161
0.016775442
0.015067929
0.015133481
0.017873799
0.017042956
0.034436787
0.015845240
0.018507881
0.036572933
0.016564754
0.031993287
0.015398265
0.015049462
0.015808670
0.016938937
0.017351997
0.983072572
0.033364969
0.015432729
0.015768936
0.016710089
0.015233233
0.017334281
0.017233684
0.036668406
0.015240281
0.015138773
0.016457349
0.016995530
0.017129669
0.033513128
0.015278112
0.015637029
0.016933686
0.017671396
0.015151687
0.033491979
0.015566884
0.015507018
0.017208046
0.016498686
0.030642060
0.015600830
0.017904800
0.017030657
0.015041287
0.033828658
0.015717612
0.018764837
0.015351369
0.016291592
0.016874439
0.034841516
0.015288318
0.015316106
0.016503108
0.016717594
0.031785704
0.015351072
0.030324588
0.036305713
0.967131023
0.017903649
0.015071443
0.015439168
0.016743589
0.016517382
0.017282629
0.017156085
0.018415866
0.033008179
0.018868875
0.015409146
0.034081708
0.015360273
0.030551932
0.019065980
0.015340658
0.038457311
0.015604482
0.015627091
0.015094680
0.035834316
0.017560171
0.017023967
0.015160267
0.015258786
0.016962462
0.015343410
0.016611319
0.018941949
0.015326454
0.017679796
0.017606373
0.017121873
0.016344991
0.016967515
0.018053083
0.015278985
0.017742716
0.015154781
0.034108847
0.015548039
0.015420675
0.017597193
0.016622686
0.033229139
0.016805016
0.015041092
0.014933444
0.016239355
0.967369581
0.016413777
0.015079789
0.016243269
0.016546753
0.016315007
0.016358482
0.016432329
0.032455760
0.029933133
0.016402516
0.014987298
0.016613578
0.032286882
0.015100041
0.015078600
0.016170742
0.016337549
0.016284719
0.033408004
0.015036594
0.015416280
0.015079798
0.034279625
0.018257509
0.015116933
0.017198131
0.016446733
0.033199585
0.017902929
0.015428777
0.019962111
0.018323590
0.016931323
0.016131779
0.018775601
0.031682472
0.015194276
0.015514675
0.015412592
0.017029147
0.018214481
0.039011120
0.014899939
0.016618142
0.015654041
0.016996319
0.032438635
0.034140303
0.014999936
0.969495313
0.015304609
0.015534089
0.034775189
0.014962219
0.015199642
0.015156744
0.015095899
0.033687884
0.032803457
0.015270444
0.031770457
0.016593468
0.017150839
0.031102268
0.015354544
0.017792331
0.015270028
0.016658547
0.017346386
0.032822733
0.015279516
0.016234192
0.034127697
0.030717504
0.017224616
0.017511802
0.015496878
0.015454132
0.016331462
0.016716224
0.017297828
0.034647809
0.015174645
0.015436542
0.022604821
0.015243978
0.032269843
0.030561306
0.018096018
0.015367155
0.017037879
0.035576875
0.015209360
0.035067506
0.016712675
0.984570879
0.034112093
0.016406664
0.015056378
0.015030974
0.017012484
0.016552550
0.016369003
0.033093774
0.015357974
0.015193043
0.015478823
0.019698723
0.031467772
0.016346131
0.015382706
0.015636169
0.015899687
0.034414765
0.033568258
0.015759644
0.015552117
0.033540759
0.019277097
0.031411073
0.015063178
0.015549762
0.015156871
0.015580234
0.016247254
0.016468553
0.035467197
0.016735667
0.015013254
0.015747678
0.016938512
0.017159180
0.033025996
0.015353021
0.015394156
0.015663597
0.017676942
0.016548995
0.016143560
0.016226955
0.016732276
0.015087109
0.016847759
0.017211169
0.017847429
0.966426519
0.017519955
0.015962737
0.018063052
0.016333321
0.018917256
0.032700432
0.015140642
0.015356316
0.018029582
0.017072302
0.016464666
0.019560600
0.014945459
0.032631660
0.017855351
0.015017277
0.016369065
0.016420589
0.017719806
0.017845866
0.016745346
0.016294154
0.034040031
0.016762866
0.030133175
0.016656356
0.014992853
0.032755321
0.017911631
0.015132495
0.015444922
0.015701680
0.019373716
0.016176220
0.017079105
0.032001700
0.015052936
0.032246187
0.016810170
0.015171862
0.016993161
0.034334576
0.015264284
0.015329178
0.034253452
0.015198870
0.032377452
0.032507247
0.982691811
0.015903828
0.016670397
0.015113417
0.015626917
0.015401375
0.032832132
0.017711550
0.032414960
0.015402348
0.014979040
0.033482474
0.018203080
0.031424667
0.016403689
0.015463330
0.016473141
0.016389534
0.032047610
0.014980662
0.016230866
0.015118568
0.016343006
0.016678659
0.018299857
0.035865328
0.014963872
0.014970244
0.016439502
0.016432440
0.018075789
0.033783015
0.014958810
0.015251418
0.014997278
0.016293925
0.016765913
0.017703138
0.016612178
0.016541720
0.016114222
0.016980209
0.016884289
0.016932676
0.033078120
0.015558918
0.015341117
0.036297256
0.015434168
0.016531677
0.984820429
0.018032662
0.033058514
0.017767428
0.018653837
0.016208248
0.017457232
0.014928329
0.033693979
0.017482549
0.032607411
0.017315796
0.015153177
0.015315703
0.016974870
0.017562446
0.016864237
0.032064041
0.014966049
0.015219565
0.020212444
0.016048758
0.016337687
0.033567805
0.015041413
0.015238545
0.015847586
0.016495206
0.033489078
0.033355561
0.015344532
0.015063423
0.017937261
0.017777500
0.031799514
0.031459022
0.016081974
0.015880123
0.017730951
0.016646386
0.016994218
0.032975476
0.015193507
0.015796373
0.016797705
0.015771994
0.034353660
0.034472077
0.015218270
0.984822662
0.016575386
0.017006831
0.017178161
0.033958192
0.015059019
0.015916418
0.016216052
0.015037013
0.016248888
0.016437917
0.034285406
0.015207223
0.015050207
0.015004488
0.016150121
0.016920388
0.016320604
0.032962382
0.015054133
0.015201504
0.016741042
0.016971567
0.017113460
0.032931184
0.015229040
0.030886888
0.017931412
0.015333546
0.033250933
0.015345490
0.016225241
0.016609640
0.015194574
0.016369504
0.035068989
0.017842698
0.015398831
0.015307028
0.016607158
0.035450447
0.032365984
0.015124869
0.015565888
0.016530650
0.020452662
0.032269349
0.030898834
0.016753075
0.984737370
0.033414081
0.015114588
0.015230141
0.015341827
0.016985126
0.016655800
0.035483170
0.015096990
0.015033471
0.017119453
0.017098491
0.017038449
0.016108044
0.015119221
0.015132506
0.015370720
0.016768186
0.016114135
0.016439208
0.033317947
0.015156337
0.015080734
0.016271762
0.019500802
0.017225474
0.031830789
0.015469587
0.015071544
0.016663017
0.016937430
0.016325525
0.018225422
0.017215053
0.018198478
0.017344113
0.015269489
0.016524622
0.017007680
0.034012182
0.015315690
0.014971665
0.015085267
0.032761440
0.032356052
0.017062091
0.015299471
0.019108376
0.015349790
0.016201253
0.965309006
0.015030666
0.015172182
0.032806230
0.019613205
0.031550541
0.018679362
0.015356354
0.015388723
0.016991370
0.016950928
0.017387689
0.038662126
0.014983547
0.015580326
0.015016377
0.016529759
0.017000230
0.034817430
0.016133284
0.018038638
0.015190885
0.016767552
0.016661066
0.034467741
0.015042151
0.015949785
0.017168062
0.020456808
0.035147806
0.030236392
0.016873228
0.015465764
0.016230154
0.034246683
0.015175565
0.015195455
0.015027076
0.016490067
0.017140635
0.037908149
0.014928997
0.015446265
0.015193514
0.017048280
0.016337145
0.016409303
0.032636910
0.015144473
0.015056983
0.016620631
0.983015252
0.016245597
0.032566877
0.015057813
0.014999091
0.014921389
0.016195946
0.016174104
0.016125215
0.016102529
0.030994623
0.015212103
0.031497457
0.016272931
0.015030298
0.033242274
0.015011644
0.015633913
0.017759657
0.017782242
0.033261966
0.016724946
0.015304375
0.016991574
0.015146735
0.016532873
0.035155674
0.015432944
0.014996828
0.014976463
0.016538720
0.017620137
0.016930808
0.032416832
0.015252142
0.015270683
0.015097553
0.015573045
0.016620228
0.017109821
0.033831221
0.015140907
0.031107638
0.018731521
0.015409786
0.016663566
0.017791234
0.034348190
0.019085406
0.016795315
0.984392766
0.036162774
0.015572327
0.015143999
0.016685579
0.016928355
0.016569949
0.033504242
0.015021595
0.032853149
0.016109049
0.015029647
0.034839319
0.015393456
0.015860496
0.015116476
0.017356459
0.017612378
0.017278829
0.033661030
0.015228665
0.032406654
0.017319591
0.015269698
0.033475621
0.030444597
0.019200474
0.015238935
0.016160439
0.017904130
0.031800513
0.017771052
0.015139751
0.035071283
0.015086945
0.015881294
0.018726664
0.015099393
0.036070456
0.018867105
0.015553354
0.015324338
0.015052980
0.035190751
0.032790338
0.015288849
0.968470140
0.018584458
0.014944693
0.016724365
0.016464447
0.017421608
0.016406282
0.017062927
0.017667587
0.016887239
0.033805761
0.015472703
0.030546187
0.018902560
0.015205163
0.016447812
0.017048653
0.018509020
0.015049620
0.016303627
0.016742702
0.016777618
0.016988780
0.017389346
0.017104908
0.014974651
0.034860495
0.016378846
0.031832253
0.021043825
0.019124533
0.014991940
0.016812997
0.017850384
0.017895676
0.018841189
0.016886358
0.017793681
0.015707375
0.016210491
0.016360884
0.016670173
0.032893307
0.017058556
0.015073511
0.015896706
0.034852594
0.014946950
0.032950291
0.016862824
0.015306881
0.016733360
0.967133301
0.015831749
0.015277082
0.016707835
0.033253696
0.020440194
0.016255306
0.015384616
0.015551749
0.015202495
0.017286688
0.017430144
0.033175150
0.015073449
0.015121154
0.016787074
0.020772768
0.015391155
0.032954875
0.015208579
0.015074426
0.015736325
0.016214839
0.034448635
0.016307696
0.014988253
0.015480678
0.018361262
0.016346442
0.017081593
0.036846962
0.015004192
0.015589967
0.017575827
0.017415100
0.016799676
0.016695605
0.016858376
0.032896106
0.018619663
0.015322624
0.017033151
0.036985632
0.015799953
0.016114692
0.015178535
0.016563928
0.016552470
0.039385265
0.984792920
0.015147367
0.014987138
0.017150965
0.031867701
0.015192730
0.015392095
0.016151179
0.016711834
0.016424736
0.016810165
0.017718914
0.017497853
0.016773790
0.016671638
0.016587630
0.016579891
0.032375818
0.015060298
0.015092738
0.015843540
0.017345994
0.015391597
0.016549802
0.017777300
0.015670503
0.018705220
0.016312305
0.033045862
0.015966313
0.015413375
0.016408409
0.017050535
0.017651123
0.016670903
0.018271165
0.016526731
0.016610151
0.016541211
0.016512975
0.033396898
0.015086054
0.015125220
0.015595278
0.020524491
0.016007214
0.017269932
0.033988333
0.015319228
0.017051487
0.032150459
0.019839140
0.967852400
0.016228418
0.015161592
0.033358075
0.018105379
0.031533115
0.015036397
0.015094483
0.015706547
0.020439927
0.015377259
0.033465506
0.015530592
0.015439405
0.015421638
0.018308768
0.015033223
0.032600120
0.015027241
0.030044311
0.016886257
0.031107690
0.032221211
0.015289715
0.016033326
0.015697633
0.016726232
0.016886346
0.017285885
0.016921868
0.019701201
0.015482560
0.017538985
0.016782996
0.016676882
0.017121421
0.016624799
0.019224813
0.018632397
0.018016384
0.015576580
0.036574935
0.015221259
0.015207256
0.017530426
0.016737559
0.015352128
0.016699127
0.984534581
0.015346087
0.017960951
0.016341965
0.017054025
0.033013597
0.015725528
0.015028575
0.016534552
0.015517867
0.031557005
0.015293842
0.014970728
0.015998015
0.015407349
0.035245154
0.015006671
0.015348540
0.017742767
0.015290485
0.016279564
0.017141975
0.033108960
0.015217387
0.031914915
0.016894634
0.015588704
0.033168573
0.015275009
0.015661608
0.032777885
0.016174112
0.031956149
0.015592877
0.015162632
0.016793210
0.017776483
0.031644555
0.015289433
0.022757972
0.015032199
0.015572244
0.017479386
0.033632945
0.015073159
0.015067884
0.016599099
0.984912544
0.017346113
0.015246700
0.018278116
0.015883665
0.018310361
0.016298413
0.017278398
0.019232263
0.017238230
0.017285431
0.016255160
0.035280899
0.018001078
0.015071359
0.015009486
0.016238919
0.016621551
0.016808302
0.033341780
0.015417355
0.015801451
0.015143339
0.019280842
0.017675762
0.015095831
0.033015965
0.015041215
0.015431985
0.016630298
0.018108141
0.017152282
0.019280000
0.015210754
0.016548601
0.016306145
0.016347448
0.016399356
0.035572397
0.015197267
0.015171061
0.015393956
0.017037262
0.016492810
0.033371558
0.015286794
0.015085599
0.015431319
0.019515482
0.017903907
0.015242964
0.037078052
0.984973227
0.015307566
0.017129433
0.017364389
0.016582058
0.017337030
0.017085819
0.023806233
0.016653041
0.016880885
0.016808803
0.032640492
0.016847042
0.030369071
0.016544640
0.015107058
0.016931288
0.034291851
0.015499278
0.015368385
0.016593741
0.018597510
0.031664456
0.015246840
0.015333412
0.016317940
0.033775617
0.017434369
0.016526232
0.015353238
0.015353031
0.016648159
0.016583852
0.016839681
0.034047873
0.015248982
0.015439349
0.018006670
0.017560088
0.016631243
0.034639394
0.015114405
0.015440300
0.015197297
0.016843812
0.016771161
0.017904608
0.033019375
0.035523952
0.015721857
0.984890042
0.016737085
0.034928823
0.015136571
0.016380191
0.018890898
0.031680993
0.032444873
0.031589004
0.015023064
0.015385167
0.019219044
0.032231165
0.015215471
0.015118728
0.016533750
0.016306828
0.017092765
0.032627575
0.015025144