
1657721078.720976114
0.015513742
0.017889821
0.015991558
0.015394993
0.015368090
0.015690584
0.015528381
0.015061086
0.015325853
0.032015968
0.016048172
0.035427573
0.029830795
0.015060790
0.968168471
0.016910688
0.014956360
0.018479282
0.016337577
0.015135330
0.014927371
0.015396435
0.015764851
0.015575096
0.015573663
0.014916659
0.015537874
0.015099624
0.015554627
0.015245398
0.015733675
0.030973937
0.020443018
0.015000547
0.016239231
0.016957823
0.016523023
0.015094488
0.015379559
0.014938869
0.015003616
0.014963278
0.015370733
0.014913847
0.014930983
0.015135026
0.015040221
0.014941432
0.015361742
0.014881037
0.015529342
0.017574549
0.016519989
0.017904355
0.015018393
0.016030390
0.016188989
0.016550792
0.016450827
0.032456560
0.015414986
0.016068943
0.015817166
0.015906606
0.015050645
0.033040688
0.015811007
0.015410737
0.015330958
0.016990670
0.035144922
0.020958363
0.984251996
0.015377250
0.014973957
0.015592242
0.016097358
0.015091692
0.016663715
0.016289160
0.016159293
0.016118466
0.014924156
0.015031385
0.014912767
0.015503620
0.015278651
0.015833875
0.015027124
0.015310438
0.015092507
0.015153287
0.015140466
0.014986821
0.015106759
0.030530801
0.015264814
0.015197277
0.015608883
0.015017731
0.014941345
0.015099634
0.015614838
0.015381500
0.014892417
0.016040654
0.017239894
0.015297252
0.014852709
0.015255416
0.016044721
0.015517131
0.015195647
0.015193038
0.015692240
0.014971661
0.015288754
0.015513426
0.015254901
0.016074559
0.015336767
0.030109114
0.030378257
0.016256748
0.015590071
0.014898827
0.015237805
0.014939925
0.015514742
0.015504713
0.015418114
0.018320054
0.015502154
0.984582709
0.014957801
0.015423186
0.014942711
0.015432564
0.015194365
0.015206295
0.015109344
0.014914926
0.014911469
0.031696968
0.015100512
0.015199590
0.015102636
0.014951819
0.021609068
0.032726278
0.014957912
0.015043581
0.032417716
0.015291583
0.029917473
0.014984900
0.015158123
0.032859925
0.016054958
0.031456781
0.015081202
0.015179400
0.015350569
0.016488871
0.016447724
0.016605841
0.033316836
0.015972286
0.031012032
0.015028724
0.016127960
0.033288210
0.014874240
0.014970223
0.016626510
0.016971161
0.017764519
0.032759318
0.015014795
0.015072857
0.015225612
0.016491886
0.016548950
0.016242438
0.036977112
0.984517719
0.014961124
0.014963296
0.016353400
0.016787506
0.016361426
0.031999058
0.015062161
0.014937212
0.016155069
0.016157121
0.016396015
0.016700587
0.017783817
0.015042820
0.014963248
0.014885852
0.015111270
0.016858334
0.016393265
0.032748061
0.015056909
0.014987522
0.016830576
0.016819839
0.032798875
0.016599288
0.014975187
0.015295742
0.016630426
0.016199576
0.016603445
0.034841284
0.015222279
0.031222021
0.017653785
0.015003707
0.016249338
0.035795729
0.015172873
0.015448030
0.031443755
0.016937305
0.019044445
0.034592175
0.015810789
0.031662665
0.014950758
0.015158684
0.015003033
0.016727271
0.018578257
0.015215222
0.984415700
0.015034135
0.016352377
0.016394399
0.032863161
0.014957290
0.014907761
0.016222370
0.014953457
0.016323588
0.034165659
0.015346610
0.015217936
0.014960697
0.031450613
0.016270892
0.014997341
0.032469331
0.015166452
0.031399909
0.016834406
0.015713333
0.032504141
0.015166890
0.015498967
0.017406432
0.016597425
0.016281619
0.016367132
0.016369869
0.014930490
0.015960530
0.015126300
0.014930682
0.015290897
0.015031068
0.015174629
0.015591830
0.014921728
0.015462592
0.015215883
0.015085821
0.014926663
0.034595810
0.015116033
0.014974030
0.016075974
0.014929601
0.015127095
0.016002549
0.015299751
0.015429482
0.015148675
0.015399561
0.014864267
0.015415542
0.014971898
0.984810836
0.014921636
0.015262926
0.014975985
0.015275508
0.032177911
0.017319031
0.014955484
0.015797964
0.015618357
0.015571242
0.014910635
0.015520783
0.015627894
0.015647900
0.015148926
0.015080113
0.015079566
0.015511069
0.015423001
0.014837167
0.015255938
0.016104449
0.014874964
0.015557545
0.014840664
0.015220360
0.015754991
0.030456024
0.030015804
0.017297040
0.031530568
0.015025943
0.015027823
0.014951697
0.015435004
0.015729313
0.015295608
0.015910595
0.030500892
0.015011736
0.015114900
0.017571553
0.014979588
0.015058069
0.015439228
0.015757359
0.015211878
0.014852931
0.014939334
0.029730154
0.015157456
0.015525566
0.017067165
0.015043586
0.015418956
0.015502526
0.015613763
0.015715023
0.984316905
0.015004727
0.015104050
0.015232427
0.014848389
0.015303022
0.014890775
0.015444045
0.015605501
0.014844704
0.014895258
0.016037666
0.016343642
0.017117537
0.015290317
0.030523046
0.015571706
0.014969707
0.015276238
0.014908511
0.015153615
0.015079134
0.015062616
0.014994930
0.014907661
0.015782992
0.015685106
0.015215323
0.015427624
0.015405601
0.014928608
0.030625797
0.015135833
0.015041058
0.016407200
0.016767849
0.014909177
0.015206838
0.014930990
0.014922540
0.015369696
0.015930994
0.014915242
0.015387484
0.015145950
0.015458446
0.015632643
0.014866161
0.015336798
0.015713949
0.014846647
0.015601901
0.015220391
0.015783638
0.015450640
0.014895813
0.015013738
0.014943074
0.015547067
0.014972788
0.016810918
0.015030670
0.015518206
0.984826082
0.015251400
0.015150564
0.015644822
0.015029259
0.015561400
0.015586621
0.030041401
0.015187761
0.014906184
0.014915960
0.015051500
0.014968979
0.015844516
0.015412093
0.014901337
0.014969341
0.015055907
0.015226290
0.015217463
0.015442473
0.015050891
0.015080147
0.015035130
0.014952626
0.015416013
0.014867034
0.014904753
0.015529767
0.015388086
0.014993484
0.014949249
0.015092260
0.015843135
0.014956353
0.015455158
0.015631317
0.015079197
0.015121227
0.015078684
0.014930692
0.015043047
0.015272228
0.015586665
0.014966315
0.015397528
0.014943014
0.014987418
0.016565069
0.015290080
0.014860769
0.015003189
0.015201672
0.015490566
0.015257855
0.015425210
0.015512423
0.015830773
0.015314667
0.014935979
0.015594855
0.015739591
0.014854905
0.015383893
0.984720565
0.014970539
0.015528641
0.015939355
0.015289048
0.014842855
0.015092476
0.014874123
0.015186003
0.014935794
0.015614352
0.015777567
0.014953604
0.015122781
0.014921963
0.015060545
0.015323788
0.015605610
0.015807959
0.015663580
0.014896094
0.031970382
0.015496067
0.015594044
0.015765592
0.014852231
0.015235907
0.015335915
0.015344560
0.014906546
0.014879391
0.015296320
0.015669137
0.015335061
0.016113585
0.015001531
0.014926624
0.015794741
0.015337984
0.015254180
0.015671863
0.015033727
0.014897490
0.014959736
0.015621480
0.014879575
0.015203726
0.014902149
0.015469014
0.015732832
0.016244368
0.015108700
0.014975398
0.015018338
0.015197473
0.015152808
0.015454587
0.015400184
0.015708292
0.014920595
0.015315374
0.014894253
0.020331814
0.015448072
0.985076068
0.014851512
0.015501059
0.014958675
0.015239554
0.014935309
0.014906748
0.015178655
0.015064274
0.015875878
0.015304383
0.030068505
0.015016378
0.014843385
0.015109318
0.015768937
0.016739204
0.015069732
0.015001577
0.015423452
0.018896457
0.015101604
0.015322146
0.015360211
0.015388187
0.014896585
0.015601979
0.014865205
0.015547445
0.015179053
0.014873941
0.015200730
0.015475978
0.015131057
0.030682672
0.014947449
0.015173836
0.016461280
0.016677094
0.015845916
0.014977139
0.030631408
0.015796165
0.014893637
0.015022546
0.015661311
0.030349883
0.015502278
0.015798788
0.019064956
0.017232294
0.015011166
0.014951091
0.015233557
0.015699427
0.015483940
0.015588772
0.018148184
0.014858220
0.985058347
0.014892019
0.015059116
0.015098115
0.015143027
0.014960488
0.015368501
0.015525929
0.014975757
0.015267045
0.015677149
0.014914695
0.015460416
0.015030207
0.033799606
0.017400690
0.032712417
0.031914744
0.014991986
0.015217548
0.015016317
0.016447582
0.015022179
0.015975022
0.015656375
0.015414222
0.015763229
0.015419427
0.014906189
0.015367319
0.014940322
0.032367438
0.015674975
0.015387250
0.016538809
0.015407731
0.015643156
0.014885224
0.015048679
0.015236987
0.015591291
0.015034033
0.014854217
0.015785605
0.020192346
0.015361634
0.014868256
0.015315847
0.015792912
0.015221889
0.014947486
0.015508239
0.015634616
0.014865368
0.014998190
0.015061747
0.015000412
0.015298275
0.018548368
0.015007175
0.015076329
0.984918102
0.014868685
0.014919394
0.015206141
0.014927850
0.015045506
0.029821397
0.015349355
0.015748802
0.017099968
0.015001405
0.015221454
0.015644153
0.015936295
0.015396794
0.015265356
0.015741299
0.015751475
0.014861079
0.015020952
0.014947842
0.015469662
0.031591887
0.015302802
0.034682976
0.015108597
0.015910629
0.015805741
0.015452899
0.015861641
0.015481181
0.016375183
0.015082264
0.014998088
0.014985892
0.015160124
0.015902448
0.014881804
0.016014335
0.014867925
0.015477446
0.015188653
0.015721853
0.015473933
0.015816675
0.014868146
0.015027822
0.015141229
0.014973826
0.015653756
0.015071097
0.015009902
0.014875824
0.015786982
0.014947529
0.015036584
0.015446017
0.015391478
0.015704665
0.016291925
0.984873748
0.014895751
0.014852943
0.015420752
0.015727994
0.015496063
0.015436430
0.015756758
0.014856762
0.014889401
0.015594882
0.015541815
0.015339507
0.015646452
0.014929860
0.014867601
0.015929766
0.014873892
0.015439519
0.015599216
0.014930348
0.015738302
0.015052738
0.015353933
0.016971022
0.016098690
0.015778843
0.014979121
0.015252999
0.014830122
0.014940117
0.015267405
0.016882574
0.014980784
0.015749106
0.015463525
0.014989692
0.015626087
0.015390083
0.015609086
0.016457329
0.014977677
0.015940028
0.016296929
0.017285493
0.016561290
0.014980046
0.016203544
0.015523340
0.014944102
0.015240538
0.015035888
0.014989875
0.015125323
0.015782092
0.015569528
0.014991715
0.014976350
0.016438996
0.016234049
0.021054771
0.965852455
0.014949154
0.015075397
0.015994483
0.015781932
0.017039435
0.017765412
0.017165344
0.016240320
0.014896806
0.014913038
0.015924690
0.016199283
0.015494190
0.015492430
0.014997865
0.014985602
0.014939192
0.015102463
0.014917404
0.015284297
0.014944959
0.014910815
0.015182267
0.015952452
0.015778521
0.015287993
0.014918665
0.014938496
0.014882999
0.014966752
0.015971246
0.014860759
0.015498384
0.014876477
0.015743195
0.014975430
0.015049366
0.015023471
0.015264272
0.014918855
0.014857617
0.015259436
0.015032958
0.016645164
0.019202582
0.015168163
0.015519077
0.014984336
0.014876129
0.015604506
0.015042100
0.015108302
0.014945501
0.015402053
0.014958799
0.015307351
0.015532966
0.014968583
0.015606521
0.014869673
0.014880462
0.015199981
0.014941068
0.015442858
0.984682058
0.014882328
0.014888931
0.015488542
0.014881233
0.015657245
0.036699178
0.014927401
0.015158150
0.017073532
0.017589731
0.016895822
0.015320508
0.015471066
0.015734176
0.015171442
0.015179015
0.014948924
0.015025199
0.015869593
0.015476200
0.015004267
0.015029848
0.015429920
0.015526061
0.015499749
0.015851302
0.031081827
0.015224772
0.015280346
0.015472719
0.017468430
0.015008118
0.015105267
0.014977005
0.015201525
0.014950989
0.015723301
0.014948701
0.014921729
0.015450940
0.037895548
0.015069079
0.015840806
0.015113790
0.014896366
0.016327826
0.015702644
0.015124248
0.030463060
0.015451766
0.015174269
0.014905238
0.015413783
0.014926702
0.015045830
0.014954046
0.015513651
0.015162636
0.015834952
0.984645391
0.015372345
0.014860751
0.015325351
0.014859320
0.015592796
0.014871438
0.014958764
0.015355042
0.015203331
0.016323202
0.015264752
0.015517996
0.014952831
0.015544433
0.030192163
0.015125348
0.015096695
0.014924608
0.015101710
0.016135927
0.016654003
0.015553513
0.030054071
0.015161674
0.015481895
0.017316642
0.016618221
0.021555220
0.015825819
0.015671616
0.015719550
0.014953277
0.015206780
0.030482677
0.015439076
0.015582919
0.015582290
0.014901224
0.015395425
0.014966233
0.015503383
0.038302860
0.017247922
0.015015152
0.016485731
0.014915866
0.014969636
0.016662616
0.019764643
0.015562792
0.016101373
0.015411319
0.014839869
0.014886276
0.015618556
0.014910815
0.019101309
0.015595325
0.015017792
0.984820234
0.015440473
0.014928747
0.015793414
0.014956888
0.030908582
0.015858834
0.015017895
0.015090070
0.015578495
0.014868230
0.015200017
0.015027417
0.015655432
0.015673660
0.014885559
0.014915078
0.015674397
0.015355265
0.015062383
0.014935756
0.015035687
0.014857490
0.015356472
0.015211036
0.016417875
0.015372028
0.014981765
0.015246347
0.015036312
0.015835714
0.015504530
0.015556798
0.014963913
0.015381348
0.035329955
0.017144202
0.017554047
0.015516705
0.015061538
0.015454931
0.014865078
0.014932201
0.015058065
0.014913583
0.015431761
0.015583407
0.015717242
0.015048854
0.015058508
0.015232747
0.015953086
0.015474583
0.014914762
0.015364008
0.016035728
0.015001483
0.015149509
0.015249936
0.014910864
0.015205602
0.984728993
0.015334636
0.015794179
0.014886861
0.014949551
0.014865795
0.014988319
0.014861307
0.015813898
0.015367839
0.014875483
0.030941984
0.015113832
0.015159565
0.015332849
0.015189706
0.016773488
0.015312060
0.015942196
0.015516630
0.015185093
0.014893119
0.014919206
0.015525255
0.015476198
0.015390632
0.014881068
0.014947582
0.015208479
0.015878962
0.015330766
0.014872861
0.015095264
0.014984014
0.014954903
0.015721964
0.017353669
0.015065196
0.015293291
0.014874697
0.014890491
0.015398804
0.014917717
0.015702914
0.015650350
0.014867548
0.015351253
0.016153192
0.015518903
0.015736934
0.030135683
0.014971490
0.014936497
0.016778885
0.015627320
0.015277819
0.015628020
0.014887502
0.014901622
0.015144984
0.015757972
0.016850124
0.015572585
0.985138671
0.015532044
0.015743587
0.015259831
0.014951654
0.014936383
0.015550704
0.015628155
0.014877797
0.015173844
0.014913397
0.015656416
0.032575517
0.014969185
0.014916674
0.015007749
0.016355360
0.016109469
0.016392568
0.016124871
0.016100373
0.016098106
0.016659883
0.016049020
0.016586764
0.014995561
0.032133776
0.014997968
0.015322605
0.016511039
0.016602849
0.016260126
0.016275359
0.016330547
0.015564663
0.017394471
0.016272469
0.016348110
0.016355550
0.032152369
0.014998785
0.014963224
0.016052958
0.016087119
0.016292333
0.031949998
0.058984327
0.017768294
0.032002075
0.014969129
0.015434543
0.033678858
0.016364471
0.969057870
0.015017257
0.014916790
0.014978069
0.017712715
0.018116747
0.037910782
0.015276562
0.015291925
0.016581408
0.016287558
0.017087110
0.034245125
0.015108782
0.015454199
0.015535290
0.018039721
0.018223705
0.015292033
0.032598122
0.015603545
0.016000913
0.016099232
0.016980810
0.017319496
0.031425640
0.015122534
0.017076236
0.015575141
0.016791743
0.017565432
0.033562812
0.015423518
0.018826392
0.030510551
0.031620148
0.015144429
0.018402456
0.015299514
0.019654337
0.015703939
0.034931057
0.017482407
0.015322476
0.039327674
0.983985125
0.015505320
0.015050139
0.034623508
0.017946077
0.014931939
0.018316414
0.017312029
0.017937297
0.033467070
0.032184716
0.015977499
0.015238988
0.017386945
0.015550806
0.016097515
0.016046789
0.033996194
0.029974592
0.017191025
0.015905617
0.018022260
0.033850500
0.015103315
0.015088177
0.015191319
0.019936694
0.015639102
0.017099960
0.041246911
0.015446812
0.015118174
0.018229353
0.014982862
0.016745557
0.017723428
0.036289328
0.015368653
0.018007059
0.033521911
0.036066804
0.015614382
0.015361821
0.015575621
0.015303187
0.016421575
0.016716590
0.038638159
0.019488407
0.983856799
0.015380803
0.016824523
0.017142473
0.017916268
0.033234673
0.016045053
0.015931881
0.016588254
0.017706368
0.037261061
0.016425169
0.015426294
0.015802514
0.016854253
0.016523409
0.017011502
0.036513124
0.015865246
0.015567490
0.017584819
0.030988791
0.014979274
0.015016704
0.015127817
0.016512119
0.034500485
0.019159079
0.018146120
0.015305200
0.015155758
0.015727921
0.015103152
0.016951590
0.016507405
0.016736808
0.034609188
0.015243750
0.015466792
0.032761873
0.018027454
0.015263723
0.034312546
0.015341142
0.015286094
0.015475603
0.033761014
0.022338927
0.969971792
0.016955269
0.015587143
0.015425818
0.015421186
0.017577634
0.016831785
0.035177332
0.017378269
0.015300117
0.017251915
0.015415827
0.016746607
0.033373336
0.015980530
0.015308030
0.018409039
0.016353752
0.030879371
0.015200164
0.014979986
0.014984106
0.016540136
0.016336083
0.016412660
0.033130314
0.014982235
0.015308207
0.016165540
0.016575413
0.016522496
0.032951445
0.015067332
0.015084479
0.016317161
0.016221994
0.016293613
0.016493058
0.016145577
0.017531714
0.015059109
0.016875091
0.017380466
0.017418942
0.033682541
0.015196824
0.030862430
0.018154633
0.017567623
0.015187403
0.965254380
0.016774014
0.015236893
0.015359765
0.016691028
0.016886736
0.016724236
0.032649695
0.015377928
0.017716291
0.030833252
0.016705245
0.019003960
0.033005553
0.017415741
0.016050682
0.015424897
0.017218632
0.018385503
0.035093967
0.015302737
0.015420961
0.032878300
0.019200593
0.015630363
0.034991176
0.015165021
0.015362501
0.016260402
0.017318298
0.015289385
0.034844809
0.019811868
0.015460913
0.015476420
0.015307352
0.034642455
0.018389238
0.033342964
0.015555679
0.015567339
0.015985255
0.018246072
0.021883532
0.015385439
0.017183264
0.033636305
0.016920872
0.015556411
0.017204773
0.963469846
0.015099731
0.015289195
0.015149981
0.018944085
0.015029212
0.034442633
0.016080638
0.017066711
0.016185957
0.018195691
0.035164483
0.015827685
0.015224657
0.016852090
0.017035110
0.032981686
0.015352262
0.016592767
0.018099596
0.015167458
0.016646987
0.016717675
0.034890381
0.015730569
0.015264023
0.015181443
0.016959907
0.017191099
0.017345819
0.017378594
0.015304173
0.015409228
0.030574851
0.032461339
0.017417873
0.032581508
0.031795206
0.031837055
0.017241104
0.017534803
0.015079722
0.019093331
0.015255251
0.015528138
0.015976264
0.016995163
0.982843606
0.033841593
0.016785048
0.033527313
0.014899798
0.015037573
0.016364002
0.032478762
0.014981412
0.016344627
0.016218911
0.017103366
0.014975079
0.032845571
0.014986347
0.015863137
0.015891454
0.016924710
0.016731699
0.016563547
0.033656167
0.031181583
0.014848698
0.014998094
0.016541606
0.016582407
0.033296119
0.014971608
0.014974537
0.016530758
0.016510291
0.016494037
0.032419044
0.014942103
0.015172478
0.014978866
0.017139365
0.014939171
0.015333981
0.035434498
0.015734631
0.015225192
0.014994129
0.015318562
0.016593081
0.016600464
0.016430426
0.016244866
0.014901906
0.015434622
0.014974303
0.014896314
0.014999895
0.984194152
0.015415827
0.015833319
0.015036644
0.015115186
0.014907347
0.014950870
0.015274728
0.015158092
0.014988171
0.015461341
0.015612691
0.015667647
0.014990419
0.015016948
0.015535607
0.014948236
0.015271091
0.014951028
0.015118482
0.015099230
0.015172810
0.015570824
0.015728266
0.015708393
0.014851234
0.014875192
0.014879428
0.015512018
0.014971415
0.015186366
0.015018623
0.015275483
0.015100757
0.014937458
0.015236165
0.014960902
0.015287616
0.014911950
0.015509052
0.015252871
0.014938949
0.015509549
0.014869417
0.015132554
0.014928438
0.015816069
0.015604352
0.015588424
0.014930777
0.015030845
0.015044373
0.015327928
0.015293344
0.015002487
0.015425177
0.015463097
0.014939542
0.015271047
0.014890286
0.015062701
0.014883802
0.015203094
0.015133236
0.015558957
0.014865040
0.985011947
0.015042159
0.015728394
0.015210105
0.015863005
0.015637180
0.015359933
0.015364168
0.014924301
0.015058858
0.014876771
0.015588119
0.015027268
0.014998646
0.015113111
0.015380844
0.014976778
0.015443262
0.015534649
0.015002771
0.015317429
0.015722207
0.015006608
0.015120232
0.014972905
0.015418945
0.014969152
0.015238135
0.015567205
0.014849253
0.014972687
0.015148379
0.015053787
0.015058566
0.015009656
0.015382351
0.015442440
0.014891663
0.014917021
0.015652663
0.015088146
0.015162732
0.015708502
0.015247824
0.014916830
0.015756276
0.015226685
0.015168370
0.015503117
0.015715621
0.015267366
0.016091041
0.014945345
0.015404008
0.015085930
0.015155707
0.014905302
0.015511018
0.015118117
0.015114204
0.015534031
0.014922145
0.014949459
0.016266875
0.015098663
0.984973387
0.015047483
0.015230176
0.015642036
0.015571291
0.015514019
0.015692607
0.015611575
0.015639638
0.014913870
0.014992594
0.015070408
0.015480153
0.015710154
0.015400605
0.015183801
0.015578851
0.016684893
0.014980335
0.015400184
0.014949426
0.017200783
0.015124762
0.015716478
0.015490493
0.014932999
0.015369285
0.016106048
0.015482864
0.015213819
0.015249409
0.014935563
0.015046860
0.015328336
0.014991789
0.014915589
0.014898462
0.015637741
0.015673737
0.015362996
0.014891383
0.015050090
0.016193688
0.017866283
0.017179524
0.016086590
0.016355799
0.016134499
0.032568826
0.015050507
0.015054421
0.015009794
0.016159084
0.016179532
0.016741652
0.016832594
0.016097479
0.014990542
0.014908539
0.015307500
0.014834050
0.016655403
0.015363566
0.015049841
0.984692707
0.015473604
0.014942287
0.014852916
0.014868232
0.015136097
0.015031037
0.015721943
0.015633795
0.015171000
0.016626097
0.017948087
0.033436115
0.015104471
0.017134301
0.018188273
0.017322166
0.015433380
0.016470523
0.016194102
0.016802495
0.029930753
0.015780621
0.016065830
0.033729618
0.014899196
0.015419418
0.014929974
0.029908865
0.016742668
0.024718056
0.032955788
0.030253608
0.014919756
0.015520650
0.015624531
0.016605811
0.016559561
0.017187303
0.015157769
0.015570748
0.014951710
0.015252141
0.015096414
0.015490543
0.030446211
0.015923329
0.015056164
0.014962378
0.015032081
0.016594007
0.016148635
0.016073669
0.014864776
0.015091155
0.014967428
0.985130566
0.015424390
0.018122007
0.015305149
0.015829796
0.014969165
0.014960481
0.014855544
0.014823026
0.015030143
0.015334652
0.015737655
0.015220014
0.014867351
0.015990567
0.015393557
0.015993930
0.015442996
0.015879380
0.015118493
0.014979454
0.015312311
0.014885522
0.015699034
0.015537333
0.014853396
0.014919072
0.015537238
0.015745582
0.016599144
0.015578636
0.015423614
0.015145091
0.014937068
0.015795839
0.015029884
0.014936709
0.014893220
0.014951090
0.015223188
0.015380048
0.014916986
0.015104901
0.014968739
0.015542213
0.014876813
0.015044055
0.014875853
0.014889978
0.015481199
0.015619658
0.015671684
0.015539552
0.015405147
0.014953309
0.015106141
0.014896672
0.015560883
0.015082307
0.015130533
0.014877891
0.015350311
0.014951661
0.014831144
0.014879302
0.985052762
0.014849571
0.016075292
0.016667269
0.014982126
0.016131165
0.014969601
0.015438585
0.014909845
0.015071512
0.014923499
0.030660360
0.015255680
0.014995776
0.014982649
0.016072758
0.016287969
0.014962835
0.032378866
0.020334250
0.015017417
0.042777515
0.015010984
0.016332519
0.016382965
0.033425096
0.015117783
0.017651800
0.016483752
0.016470375
0.016584916
0.032807429
0.015218024
0.015041574
0.016158026
0.014887076
0.014865527
0.014980253
0.015015328
0.014976811
0.014954915
0.014956203
0.015395646
0.015008772
0.015323790
0.030540139
0.014984923
0.015080454
0.016683155
0.016526993
0.016039125
0.017137639
0.016449015
0.015073399
0.015357242
0.015427098
0.014859123
0.984462927
0.014929042
0.014921250
0.015104055
0.015472267
0.014969749
0.014873133
0.015110337
0.014942039
0.015552887
0.014854415
0.015046265
0.014948500
0.015538130
0.015352112
0.014861330
0.014966748
0.015196698
0.014930113
0.014996019
0.015093703
0.015017628
0.016052886
0.015444012
0.015001535
0.014879055
0.016018213
0.015870753
0.014999434
0.016254910
0.016548640
0.016195787
0.015119624
0.014960492
0.015092684
0.014989755
0.014987012
0.015044569
0.015921182
0.015055795
0.015025885
0.015450596
0.014961574
0.015009662
0.015102250
0.015008488
0.015402912
0.015284314
0.014952960
0.014942070
0.015435755
0.015308943
0.015497380
0.015020570
0.015084495
0.014996735
0.015550094
0.015648779
0.014937199
0.014938658
0.015656213
0.015073061
0.015153861
0.014937503
0.014939097
0.016011970
0.985033995
0.015027352
0.016724217
0.016001012
0.015434662
0.015986523
0.015704164
0.015015671
0.015365553
0.015362127
0.015609032
0.014915621
0.015301675
0.015714574
0.015822671
0.014923819
0.015519372
0.015150402
0.014844940
0.015518124
0.014887326
0.015577899
0.015321660
0.015618854
0.030141972
0.015014929
0.015054489
0.014984645
0.014859860
0.016390416
0.017197354
0.014915457
0.014949066
0.016218357
0.016638868
0.032549008
0.014978718
0.014928246
0.032309992
0.016087235
0.016501965
0.014958394
0.019594708
0.032489448
0.014893406
0.016188774
0.032089425
0.015085347
0.015165763
0.015031287
0.016859592
0.016768759
0.016891967
0.017540972
0.015054067
0.015079172
0.015424663
0.014967603
0.984398004
0.015424794
0.017013640
0.015062426
0.015954998
0.015484766
0.014874822
0.015652962
0.015012720
0.014993245
0.015045346
0.014874686
0.015117135
0.014883371
0.015080437
0.015011688
0.016417546
0.016459160
0.015549532
0.015599902
0.014899573
0.015059528
0.014866429
0.015658142
0.015370753
0.014943208
0.015027757
0.015122772
0.015221037
0.014998787
0.015166822
0.015662697
0.014934982
0.015323233
0.015916788
0.014950361
0.015401787
0.015630823
0.015233775
0.014985392
0.014931664
0.016230491
0.017621699
0.016456790
0.032930155
0.014998747
0.014893825
0.015735348
0.015775050
0.014968516
0.016867550
0.016518251
0.015818183
0.015731317
0.014851832
0.014851812
0.031471639
0.016269819
0.015047948
0.036822766
0.014980323
0.014922429
0.966678841
0.014941040
0.015056604
0.015740476
0.015836572
0.015596551
0.015984124
0.015805186
0.014873318
0.015901377
0.015272189
0.014949143
0.015493568
0.016885466
0.014952499
0.015114641
0.015345322
0.015952729
0.015719963
0.015034508
0.015153574
0.015037292
0.014916540
0.015013566
0.014982704
0.014903776
0.014977806
0.014808239
0.015492672
0.015631112
0.014849292
0.015437916
0.014920176
0.015334153
0.014963889
0.015606448
0.015501246
0.014850721
0.014885485
0.014873474
0.015387699
0.015811053
0.014883444
0.014944470
0.015354976
0.015939227
0.015682480
0.015386558
0.015007912
0.014889872
0.030576261
0.015886362
0.015022307
0.016382473
0.016442168
0.016367137
0.015870023
0.014898423
0.014872063
0.015616620
0.015108767
0.014888696
0.985074995
0.015152385
0.015751510
0.015777772
0.015415325
0.014863595
0.015622342
0.015018575
0.014967871
0.015519981
0.014907703
0.014876290
0.014891420
0.014960407
0.015915483
0.015089695
0.014909086
0.015746814
0.015850656
0.015219222
0.015698758
0.015104327
0.015285613
0.014859143
0.015208817
0.015550366
0.030408524
0.014954027
0.015745853
0.015445627
0.014864514
0.015308432
0.014981240
0.015458119
0.014893013
0.014856975
0.014856309
0.014848509
0.014945596
0.015291931
0.015650888
0.014842614
0.014997707
0.014910465
0.015850129
0.015648291
0.015022944
0.015025056
0.015047638
0.015464327
0.015813182
0.014930578
0.014890001
0.015405489
0.014950473
0.015179601
0.014988592
0.015359649
0.015881000
0.015457315
0.014855252
0.014877036
0.014912625
0.015255678
0.014913390
0.984649133
0.015398213
0.029870821
0.016906241
0.015022063
0.014913283
0.014924493
0.016414677
0.016104616
0.016157935
0.031388657
0.015254999
0.032306338
0.016442056
0.015936972
0.032685128
0.014986437
0.014981076
0.015117736
0.032327705
0.016659407
0.031046645
0.030040879
0.017301771
0.015024582
0.016643731
0.033998946
0.016422164
0.016106695
0.015361547
0.015800434
0.015069006
0.014911857
0.030464883
0.018596180
0.015900572
0.017404255
0.015768954
0.015307978
0.015013671
0.014928940
0.015594829
0.014872724
0.014932477
0.014956584
0.015002631
0.030071204
0.015048654
0.015040845
0.016345279
0.015603245
0.015379780
0.015446879
0.014877357
0.984810351
0.015014726
0.015443622
0.015010108
0.015241811
0.015004531
0.015233252
0.015473432
0.015995574
0.015579440
0.015577446
0.014878130
0.014920226
0.015180793
0.015010014
0.015275732
0.015641459
0.015135435
0.015001586
0.016521992
0.016051588
0.014945194
0.015183463
0.015478255
0.014878298
0.014916788
0.014940333
0.015066174
0.014898347
0.014865563
0.015247135
0.015667564
0.015830928
0.015585330
0.014942234
0.015059382
0.015046693
0.015482432
0.014946619
0.015141547
0.015095319
0.015384367
0.015087670
0.014907698
0.015532854
0.015589913
0.015249644
0.014940932
0.014897742
0.015271699
0.015465221
0.015081302
0.015369803
0.015820326
0.015567751
0.015174890
0.030617955
0.015066885
0.015205782
0.016347589
0.015153500
0.015199184
0.015464928
0.014975237
0.985064496
0.014941333
0.014930770
0.015606686
0.015537022
0.015133049
0.023145227
0.015513567
0.015016572
0.015092695
0.014829719
0.014846313
0.015362337
0.015618844
0.030026676
0.015056538
0.014980068
0.015334375
0.014975862
0.014966952
0.014869467
0.015480665
0.014911236
0.014940958
0.014954562
0.015587887
0.016101968
0.015612928
0.015635529
0.015692129
0.015080858
0.034844307
0.019238935
0.015373378
0.015144396
0.014970525
0.014951688
0.014962349
0.015261949
0.014902994
0.015597789
0.014848600
0.015177811
0.015522765
0.014926345
0.015044881
0.014916629
0.015012692
0.014979335
0.015141852
0.015596931
0.014909061
0.015404176
0.015855319
0.015015146
0.015288939
0.015250583
0.014883996
0.015277147
0.014927510
0.015663161
0.014845820
0.015747602
0.984754570
0.015899104
0.016093029
0.015568669
0.015216957
0.015313623
0.015329398
0.014869224
0.015399934
0.014945673
0.015962520
0.015570022
0.015378223
0.014865817
0.015239062
0.014916678
0.014891221
0.015464644
0.015348969
0.014964863
0.015026768
0.014875891
0.015598632
0.014938019
0.015063973
0.014970711
0.014969692
0.014968238
0.015601936
0.015100574
0.014888903
0.015580646
0.015808222
0.015396807
0.014989021
0.015298337
0.015089068
0.015035357
0.015168446
0.014898032
0.015293730
0.015542896
0.015660993
0.029934362
0.014903319
0.015090856
0.015608487
0.015602973
0.015744557
0.015567341
0.014922799
0.015513482
0.015351478
0.015635428
0.015782266
0.015196233
0.015085974
0.015058574
0.015387983
0.015687459
0.014878861
0.015346578
0.018027793
0.015049349
0.985039520
0.014956066
0.015086127
0.015638195
0.015599560
0.015547619
0.015629199
0.014989033
0.015332931
0.015496104
0.015808992
0.015028745
0.015273466
0.014913503
0.015264356
0.015779122
0.015416194
0.031106940
0.014936859
0.015495715
0.014988614
0.014969139
0.015491987
0.015325331
0.015211273
0.015194497
0.014872094
0.015720589
0.015508337
0.014952964
0.014920931
0.015560347
0.014903340
0.014929534
0.015437112
0.015365339
0.015816599
0.015659686
0.015258615
0.014920197
0.015057190
0.015198633
0.015283594
0.015004148
0.014952580
0.014866584
0.015053878
0.015038674
0.015531401
0.014899632
0.015454653
0.014889645
0.015648774
0.015544864
0.015192383
0.014908403
0.015759915
0.015475637
0.016101760
0.015005062
0.014983342
0.014890134
0.015112849
0.015597985
0.015095720
0.984977995
0.014931350
0.015403826
0.014944223
0.015056785
0.014949173
0.014941250
0.015559299
0.014998552
0.014887302
0.015446134
0.014994162
0.014964282
0.015585983
0.014899788
0.015317155
0.015680647
0.015402582
0.015781893
0.015615704
0.014948394
0.015119672
0.015962583
0.015483474
0.015652014
0.015653751
0.014950688
0.015158740
0.014930239
0.015434206
0.015587890
0.015286368
0.016029794
0.015427520
0.015379357
0.016039059
0.014867395
0.015414552
0.015002822
0.015298581
0.015670815
0.015521100
0.015516991
0.014957091
0.015429361
0.014927782
0.016116601
0.015078219
0.015790526
0.014928830
0.015296981
0.015634947
0.014873739
0.029948042
0.014991317
0.015627481
0.029753912
0.015165763
0.015487613
0.015044302
0.015478600
0.015263755
0.015031038
0.984584976
0.015915825
0.014977843
0.015712132
0.014964294
0.015882964
0.017918286
0.015177977
0.014954790
0.015280035
0.015640850
0.014916950
0.015271133
0.014918412
0.015326143
0.015085288
0.015358209
0.015162473
0.014875275
0.015100085
0.014883361
0.014840334
0.015570443
0.015157986
0.015545309
0.015656074
0.015325048
0.014895471
0.015128199
0.015558933
0.015469184
0.015376495
0.014982425
0.015312894
0.014930824
0.015662999
0.015702742
0.015768670
0.015934826
0.015093266
0.014891487
0.015314568
0.014924532
0.015344317
0.015210869
0.015664130
0.015273904
0.014994768
0.015696377
0.015713887
0.015740442
0.015207723
0.015871465
0.015776312
0.015120222
0.014888364
0.015563688
0.015738604
0.014911529
0.014964230
0.014832398
0.015091162
0.015328036
0.017402110
0.015639765
0.985119676
0.015443864
0.015341253
0.014886093
0.015668365
0.015229658
0.016054588
0.015787734
0.015683988
0.014899265
0.015106311
0.014905105
0.015615555
0.015334457
0.015775373
0.015561292
0.014971747
0.014971190
0.015111987
0.014961843
0.015074780
0.015200331
0.015375948
0.015485595
0.014941133
0.014927424
0.015128190
0.015658839
0.015790109
0.015548902
0.015429610
0.015637481
0.017429675
0.014883825
0.015726073
0.014875207
0.015417209
0.015717188
0.015174323
0.015919335
0.015603588
0.015377681
0.015811746
0.014942517
0.015537422
0.015067561
0.015128868
0.015114666
0.014929084
0.015508596
0.015551523
0.015077102
0.015375027
0.015652335
0.015021476
0.016051323
0.015103087
0.015027731
0.015248621
0.015521696
0.029840784
0.015317163
0.015333026
0.015208867
0.015441579
0.985019527
0.015394093
0.015104163
0.014852775
0.015359419
0.014915357
0.015261428
0.014912412
0.014926792
0.015369933
0.015564734
0.015505350
0.015479092
0.015107417
0.014898038
0.014995639
0.015464551
0.015586356
0.015760960
0.015711867
0.014860823
0.015015068
0.015384428
0.015537038
0.015419353
0.014940557
0.015502999
0.015515796
0.015093581
0.015377242
0.014975011
0.015252445
0.015058445
0.015216036
0.014912769
0.015517781
0.015276678
0.014884422
0.015788773
0.014951134
0.015071623
0.015101124
0.015395139
0.014969863
0.015062386
0.014959688
0.015152937
0.015242616
0.015143123
0.015565854
0.015633392
0.014934605
0.015316441
0.015728936
0.014969986
0.015272379
0.015071774
0.014951077
0.015327940
0.015655868
0.015827785
0.015031965
0.030026779
0.015248379
0.984520007
0.014990458
0.015089783
0.016083967
0.015126163
0.014919329
0.016086040
0.015220559
0.014939958
0.015008889
0.017771712
0.015762686
0.014954150
0.015304175
0.015673731
0.015438391
0.014915479
0.014907907
0.015392138
0.015298296
0.015947127
0.015015769
0.015174293
0.014849542
0.015348843
0.015577402
0.014885175
0.015534942
0.014929241
0.015536010
0.015735115
0.014900922
0.014836746
0.015259596
0.014956889
0.015308573
0.015500409
0.015013429
0.015239628
0.014912928
0.015359753
0.014874954
0.015400142
0.014854097
0.014915361
0.015886629
0.016112150
0.015296907
0.015756094
0.015544732
0.014916710
0.014991917
0.014948708
0.015654061
0.014973532
0.015249930
0.016595513
0.016799387
0.016286846
0.015438806
0.015399897
0.015061341
0.015193800
0.014879863
0.015013437
0.985117177
0.015259655
0.015754279
0.015636088
0.015536714
0.015593002
0.015718322
0.015405464
0.014946484
0.015194635
0.015023907
0.015426543
0.015029909
0.015553811
0.015438619
0.015674698
0.015554207
0.014948726
0.014973936
0.015221095
0.015795611
0.015445961
0.015276641
0.015222297
0.015262633
0.015133767
0.015244270
0.014902577
0.016027806
0.016014479
0.015030041
0.015013217
0.015384294
0.014998676
0.015631853
0.015386531
0.014895528
0.015186711
0.015293997
0.015666926
0.015713279
0.015494941
0.015269044
0.014912059
0.015646923
0.015762130
0.015340022
0.015831877
0.015626597
0.015420082
0.014937109
0.014906678
0.015578839
0.014970670
0.015603307
0.016528353
0.014927039
0.014919795
0.015091058
0.015525559
0.014996991
0.014943075
0.014925446
0.015863706
0.015099942
0.985127200
0.015123491
0.015548321
0.015658381
0.014920031
0.015515538
0.015744366
0.015365185
0.014900595
0.015013337
0.014998797
0.015274356
0.014879023
0.015426557
0.015763497
0.015108953
0.014954291
0.014859253
0.015353803
0.015282973
0.015025425
0.014877469
0.014858211
0.015306953
0.015140142
0.015193068
0.015064971
0.015219623
0.014869255
0.015335548
0.015142506
0.014981447
0.014933589
0.015689404
0.014925794
0.014918852
0.015165892
0.015738743
0.015217178
0.015248821
0.015381283
0.014890479
0.015995927
0.015984565
0.031250375
0.015571669
0.015888912
0.015534156
0.015358495
0.014952970
0.015564419
0.015525854
0.015064177
0.015021523
0.016147627
0.018099562
0.014943000
0.014875206
0.015237814
0.014925266
0.014894402
0.015324127
0.015843806
0.015075215
0.016051483
0.968789465
0.015348741
0.015642066
0.015044324
0.015392463
0.015305039
0.015031324
0.014894377
0.014939885
0.015330295
0.014966552
0.015478929
0.015012599
0.015136141
0.015098611
0.014979615
0.015219203
0.015591705
0.015178841
0.015251752
0.015274876
0.014939531
0.015248095
0.014979093
0.015710933
0.014940342
0.015469733
0.015329216
0.015066380
0.015220547
0.014920926
0.015143503
0.015036083
0.016200940
0.015683793
0.015468830
0.015355953
0.016350574
0.015983130
0.014925406
0.014900367
0.014980975
0.015068883
0.030375576
0.015139393
0.015577564
0.015188171
0.015837783
0.015136444
0.014940896
0.015540334
0.015624667
0.015618250
0.015403091
0.015126416
0.015984727
0.015013736
0.015602521
0.015446008
0.015046277
0.014905182
0.014968965
0.015587623
0.984514863
0.015844370
0.014953298
0.015667863
0.015448624
0.014972164
0.015299052
0.015971160
0.014944044
0.015325478
0.014856201
0.015415837
0.015389878
0.015825000
0.015243144
0.015637175
0.016048684
0.015155634
0.014921655
0.015680092
0.015170870
0.015385167
0.015165176
0.015019394
0.015201058
0.015646107
0.015493356
0.015488202
0.015772552
0.014886215
0.014918195
0.014901068
0.014884150
0.015256747
0.014960890
0.015420038
0.015914835
0.015080933
0.015040761
0.014906538
0.015733507
0.015249887
0.015503781
0.015561161
0.015578347
0.015879404
0.015788728
0.015246481
0.014949833
0.015262806
0.015233188
0.015338381
0.014940541
0.031101610
0.015665947
0.015120002
0.015442782
0.029832902
0.016293495
0.015538867
0.015076367
0.015185147
0.015197791
0.985132418
0.015750552
0.015704153
0.015506863
0.014871590
0.014916989
0.015428465
0.015280662
0.014948390
0.015453473
0.015748534
0.015089919
0.015001044
0.015935875
0.015224280
0.015491528
0.014885692
0.014964090
0.015157183
0.014869294
0.015365013
0.014979382
0.015357601
0.014950114
0.015446226
0.015636715
0.014882330
0.015525324
0.015463629
0.015069309
0.015107760
0.014966317
0.015883344
0.015050451
0.015952329
0.015287643
0.015530643
0.014869506
0.014872674
0.015468173
0.015648439
0.015594132
0.015328368
0.014998795
0.014945621
0.015321128
0.015423451
0.015420659
0.015885435
0.015009105
0.015397530
0.015028500
0.015141933
0.015025656
0.015317246
0.014978995
0.016318723
0.014950659
0.015318382
0.015656506
0.014891351
0.014940449
0.015314788
0.017711400
0.015383879
0.014903787
0.984885864
0.015480810
0.014945894
0.014927957
0.015499724
0.015100007
0.015759017
0.016053860
0.017967376
0.015068376
0.015087924
0.014938912
0.015128558
0.014846915
0.015620902
0.015802519
0.015093546
0.015969289
0.014905812
0.014951818
0.016181552
0.016324406
0.015085421
0.015191506
0.015517017
0.014980098
0.015362387
0.015023953
0.014954879
0.015308310
0.014952774
0.014940322
0.015438562
0.015429926
0.014892848
0.014981296
0.015027969
0.014930010
0.015356837
0.015648753
0.015332489
0.015081169
0.015068749
0.015207754
0.015601301
0.014951363
0.017580377
0.015500400
0.015660531
0.014957104
0.015518531
0.015301346
0.014934985
0.015282068
0.014928662
0.015620089
0.015338816
0.015538970
0.014932946
0.014927772
0.015026573
0.015156379
0.015644756
0.014903853
0.014888630
0.985093685
0.015169696
0.015666235
0.015583762
0.015868060
0.015167214
0.014984449
0.015845035
0.015478671
0.014852713
0.015679874
0.016117374
0.014944593
0.015181390
0.015004817
0.015350918
0.015518764
0.015052748
0.015017034
0.016075440
0.016698779
0.014977874
0.015422049
0.015472537
0.015318819
0.014878417
0.015658203
0.015734003
0.015291648
0.015108203
0.015254958
0.014976547
0.015574499
0.015159589
0.015710451
0.014999218
0.015455957
0.014946020
0.014867240
0.015334931
0.015549810
0.014965340
0.014918265
0.016457982
0.015636504
0.015545782
0.015203847
0.014987569
0.014991079
0.014913836
0.014970233
0.015448812
0.015041823
0.014885629
0.014975740
0.014956417
0.015307282
0.014946039
0.015440383
0.015284262
0.015836406
0.015534408
0.014881325
0.015009528
0.015356248
0.984579940
0.015578250
0.014945079
0.014964655
0.015442629
0.014929965
0.015443597
0.015657887
0.015023605
0.014910191
0.015334849
0.015393893
0.015348550
0.015870573
0.015801748
0.014955714
0.014978757
0.014913128
0.015244583
0.014911493
0.014949583
0.014873429
0.015327185
0.014894816
0.015270284
0.015073134
0.015634697
0.015090470
0.015097146
0.014990110
0.015100967
0.015779056
0.015500267
0.015181813
0.014932256
0.015007129
0.015044616
0.016188995
0.015434516
0.015182652
0.014965802
0.014963839
0.015741535
0.015139056
0.014957521
0.014953691
0.015410197
0.015798224
0.015287269
0.015003692
0.014938808
0.015070527
0.015835967
0.014999433
0.015347728
0.015191926
0.014962060
0.016270499
0.015345654
0.015183954
0.015671074
0.015584376
0.014909231
0.016284974
0.014918652
0.015302089
0.985111803
0.015317130
0.014930421
0.014931017
0.015001003
0.015084921
0.015302684
0.015530695
0.015525985
0.015605291
0.015303161
0.015048512
0.015587988
0.016530918
0.015316847
0.014899514
0.015788081
0.015842472
0.015801977
0.015354396
0.015827279
0.016077353
0.015575000
0.015430834
0.015877067
0.015174934
0.015296228
0.015528821
0.015501238
0.015333200
0.016063415
0.015274320
0.015062238
0.014919893
0.014909880
0.015689501
0.015412528
0.015079938
0.014866140
0.015535117
0.015244416
0.015719032
0.014928709
0.014961666
0.014989742
0.015246974
0.016023823
0.015032065
0.030027114
0.015574242
0.015639187
0.014906178
0.015070462
0.014984788
0.014886784
0.015081545
0.015604420
0.015005229
0.015512674
0.015569317
0.014972079
0.017947145
0.014864860
0.015172635
0.984885068
0.015089611
0.015380598
0.015828647
0.015574325
0.015587258
0.015859038
0.014871853
0.014882062
0.015057539
0.015076817
0.015870717
0.015224443
0.015016691
0.014864791
0.015122255
0.015086925
0.015160029
0.014918782
0.014922099
0.015223159
0.015867407
0.015248260
0.014967260
0.014874179
0.015003955
0.014934200
0.014938050
0.015217000
0.016113298
0.015357365
0.015054963
0.014936824
0.015659333
0.014970606
0.015624615
0.015325460
0.014985770
0.015334213
0.014995369
0.015458350
0.015851671
0.015264567
0.015908261
0.014994037
0.014911560
0.015048622
0.014900473
0.015522299
0.014877079
0.015366251
0.015401151
0.014968941
0.029771043
0.015428097
0.015298447
0.015438067
0.014847857
0.014918030
0.015769109
0.015093617
0.015185384
0.015388241
0.014974368
0.984842841
0.015051422
0.015420060
0.014961769
0.015138965
0.015464639
0.014944398
0.015556034
0.014988556
0.015715385
0.014998361
0.015436945
0.015595487
0.014941960
0.014993182
0.015233666
0.015476035
0.015908500
0.015385934
0.015336809
0.015629329
0.014994455
0.014981441
0.014976485
0.015564806
0.014865374
0.015839430
0.014986583
0.015131788
0.015572765
0.015435626
0.014874268
0.014932412
0.015123929
0.016038352
0.016027956
0.015150523
0.015845634
0.016479660
0.015052349
0.014960470
0.015461909
0.015003764
0.014979106
0.015375755
0.014898621
0.015694640
0.015733685
0.015460713
0.015878012
0.015268598
0.014957308
0.015673599
0.015519048
0.014921167
0.015138333
0.015587977
0.015646134
0.014933514
0.014924824
0.015761978
0.014954570
0.015439509
0.016431874
0.014877158
0.014924068
0.984483555
0.014859423
0.014950526
0.014863825
0.014962875
0.015498051
0.015410523
0.015408758
0.015858387
0.015562112
0.015445948
0.015090475
0.014986357
0.015391824
0.015147129
0.014963371
0.015447629
0.014852347
0.015326141
0.015094509
0.014868117
0.015838271
0.015468633
0.015416504
0.014969185
0.014887913
0.015357668
0.015444571
0.015021002
0.014943601
0.015178520
0.014911328
0.014967107
0.014874462
0.015367760
0.015581636
0.015677840
0.015690820
0.014905350
0.015034754
0.015181245
0.015010410
0.015216200
0.015507116
0.014893941
0.014918085
0.015031338
0.015019914
0.015105502
0.015404479
0.015815657
0.015506137
0.015644399
0.030472536
0.015214212
0.015814635
0.015785523
0.015374514
0.015545334
0.015220432
0.014904826
0.014939671
0.014851236
0.014901965
0.984987900
0.014969407
0.014888456
0.015641921
0.015462680
0.015128161
0.014932184
0.015249240
0.015603848
0.015333545
0.014891425
0.015077109
0.015254334
0.015275985
0.015638086
0.015067076
0.015054825
0.015528976
0.015117462
0.015942098
0.015720147
0.014980143
0.015172516
0.014948858
0.014973261
0.015471141
0.015388730
0.014944162
0.015270145
0.015098955
0.015571626
0.014888852
0.014879832
0.015575712
0.015484433
0.015307543
0.014893826
0.015299853
0.014962638
0.015277976
0.014862667
0.015655807
0.015699131
0.015003197
0.014902311
0.015035377
0.015471875
0.014899784
0.015304628
0.015759047
0.015333320
0.015881684
0.014906380
0.015804904
0.015096716
0.014868021
0.014961992
0.014945356
0.015037787
0.015491993
0.015105019
0.015176521
0.015180020
0.015416283
0.015027161
0.015729796
0.985037725
0.015420897
0.015527555
0.015448711
0.014936878
0.015719571
0.015530771
0.015781211
0.015012563
0.015317565
0.015221586
0.014898707
0.015332932
0.015611678
0.015377461
0.015461338
0.014949484
0.014966272
0.015245111
0.015612071
0.015963339
0.015310208
0.015021163
0.015109669
0.014885289
0.015624196
0.015487530
0.015182827
0.014980924
0.014940981
0.015455022
0.014942783
0.014882680
0.014879935
0.014908703
0.029818439
0.015659466
0.016087182
0.015145447
0.015099617
0.016108409
0.015895010
0.015096736
0.015071360
0.014951887
0.015474398
0.015388204
0.015041796
0.015388597
0.014892493
0.015736542
0.015251935
0.014916168
0.015296452
0.015809750
0.015485104
0.015618767
0.015440350
0.015881859
0.015258831
0.015087497
0.015256850
0.015555222
0.015847838
0.984384108
0.015433905
0.014853735
0.014903054
0.015112466
0.015597765
0.014902327
0.015062060
0.015191374
0.015556763
0.015006804
0.015509302
0.015053519
0.015136495
0.015372804
0.015198324
0.015586534
0.015438455
0.014947033
0.015021816
0.015742305
0.015421708
0.014929992
0.016194253
0.015013007
0.014977389
0.015278903
0.015036244
0.015300651
0.015921207
0.015170882
0.014979532
0.015753427
0.015300876
0.015113764
0.015134072
0.014984132
0.015702587
0.015508015
0.014901380
0.015623010
0.015540746
0.016596920
0.015260620
0.015320569
0.014848017
0.015251311
0.015458926
0.015496483
0.015013131
0.015084790
0.015046461
0.015261333
0.014943670
0.015456518
0.015284050
0.016630681
0.020267583
0.015127266
0.015572398
0.015136442
0.014881263
0.015226908
0.014869249
0.015694893
0.984584929
0.015109850
0.015022395
0.015494715
0.015789710
0.016090185
0.015284545
0.014965820
0.015333940
0.014988574
0.015141199
0.015570328
0.015790229
0.015501744
0.015624832
0.015645640
0.016194729
0.015016370
0.015055627
0.015296675
0.015004912
0.031455604
0.015619646
0.014981513
0.015391070
0.015883090
0.015051736
0.015622792
0.015536398
0.015647684
0.015413605
0.015136118
0.015602726
0.015014355
0.015689913
0.015229369
0.014852865
0.014973742
0.015543898
0.016031071
0.015361235
0.014949185
0.014890556
0.015443820
0.015898028
0.015531461
0.015430253
0.015000789
0.014950186
0.015010147
0.015492496
0.015869393
0.030337968
0.015320743
0.014882803
0.014965765
0.015231895
0.015864621
0.015394249
0.015155506
0.015190280
0.030034194
0.984892270
0.015307498
0.014960037
0.015460313
0.015329378
0.015494022
0.015024237
0.015084044
0.015426290
0.015412733
0.015197657
0.014896470
0.015431538
0.015515447
0.015121466
0.015148054
0.015117132
0.015082785
0.015589761
0.015217268
0.016022375
0.014959218
0.014871477
0.015503020
0.015560196
0.015379282
0.015277928
0.014859169
0.030649154
0.016629433
0.015159348
0.015939939
0.015859172
0.015020279
0.014940959
0.015212252
0.015163802
0.015558545
0.015469331
0.014914987
0.014900495
0.015058344
0.015478418
0.015010086
0.014939783
0.015144614
0.015457968
0.014943099
0.015680836
0.015024239
0.015408751
0.015068158
0.014922669
0.016084809
0.015471417
0.015047059
0.014875009
0.014887222
0.015828546
0.015162512
0.014910778
0.015115123
0.017405700
0.015091353
0.015486396
0.984497545
0.014982564
0.015475607
0.015030256
0.015192581
0.015074789
0.015449254
0.015421935
0.014909309
0.015835173
0.015531768
0.015024990
0.014914654
0.015208083
0.014963987
0.015570026
0.014988759
0.015233606
0.015022298
0.014974081
0.015032425
0.015264594
0.015725878
0.014934479
0.015344775
0.015790033
0.015150261
0.015161475
0.015721258
0.014982081
0.015295076
0.015622168
0.014901920
0.015249302
0.014946810
0.014868329
0.015641873
0.014990612
0.015399020
0.015012854
0.015001085
0.015999426
0.015618798
0.014884725
0.015452380
0.015611094
0.015053851
0.015294639
0.015040531
0.015519812
0.015989810
0.015516053
0.015308085
0.014929453
0.015384672
0.014967302
0.015227628
0.014883192
0.015683048
0.015439280
0.014953456
0.015725328
0.014964556
0.015050986
0.015180446
0.983850420
0.015885146
0.014920635
0.014861752
0.015056244
0.015363661
0.014988377
0.015166722
0.015697834
0.015567285
0.015049512
0.015804333
0.015040353
0.015104638
0.015239416
0.014970708
0.015172231
0.015602522
0.015057906
0.015265278
0.014978529
0.014908145
0.014987333
0.015868124
0.015643629
0.014893275
0.014965361
0.015734072
0.014990499
0.014938174
0.014937996
0.015111582
0.015550108
0.029812036
0.014926073
0.014927487
0.015208028
0.014881742
0.014853624
0.015796495
0.015579798
0.015559955
0.015414235
0.014899311
0.015185963
0.014972581
0.015562077
0.014910156
0.015402952
0.015454704
0.014967265
0.015332524
0.014955298
0.015103735
0.015830094
0.014971863
0.015179433
0.015835028
0.014834958
0.014920057
0.016175741
0.015726776
0.017073546
0.014887230
0.015644796
0.984279620
0.015205594
0.016056234
0.015220973
0.015002593
0.015531239
0.014899302
0.015383748
0.015572771
0.015610853
0.015345681
0.014884733
0.014965973
0.015258964
0.015713147
0.015691063
0.015148865
0.014919146
0.014868876
0.014860040
0.014913291
0.015029338
0.014871897
0.015465548
0.015265184
0.014954266
0.015478330
0.015811679
0.015600914
0.015747355
0.030073084
0.015156619
0.015406379
0.014910465
0.015125554
0.014963455
0.015313312
0.015267593
0.015685780
0.014918155
0.015031934
0.015685673
0.015536889
0.015428191
0.015822544
0.015067910
0.015312215
0.014931409
0.015516206
0.016004100
0.015654341
0.015055186
0.015037035
0.015162207
0.015404055
0.015043995
0.015183413
0.015146991
0.015046568
0.015070885
0.015143364
0.015675407
0.014929950
0.014955246
0.984789650
0.015548648
0.015362075
0.015119546
0.014963563
0.014938598
0.014964419
0.015309345
0.014952053
0.015286878
0.015503441
0.015514085
0.014999839
0.015784101
0.015426676
0.015078581
0.015407208
0.015758394
0.015500354
0.015676772
0.015106069
0.014942505
0.015594798
0.015758895
0.014893934
0.015552806
0.015688711
0.015296622
0.014899649
0.014854231
0.014864938
0.015516068
0.014874360
0.014997596
0.014881124
0.014911854
0.014961008
0.015351586
0.015000503
0.014991961
0.015744642
0.014867735
0.015486581
0.015698334
0.015181965
0.015544705
0.014879883
0.014880031
0.015203898
0.015048164
0.014943291
0.014959310
0.015054575
0.014875320
0.014977639
0.014884182
0.015090668
0.015668381
0.015346236
0.014950628
0.014906553
0.014908587
0.014899483
0.014928835
0.015025968
0.015220233
0.985049032
0.014955849
0.015521242
0.015640515
0.015228927
0.015522864
0.015548941
0.015757111
0.015756282
0.015736934
0.015001141
0.014976811
0.014989494
0.015219544
0.014938445
0.015664315
0.018603821
0.014956882
0.015149647
0.014971752
0.015643195
0.015653411
0.015481452
0.014949931
0.014868116
0.015463506
0.015528924
0.015565809
0.015350037
0.015509542
0.015065680
0.015600259
0.015124143
0.016025322
0.015358919
0.015716573
0.015454299
0.015071978
0.014936023
0.014855382
0.016071478
0.015561678
0.015220151
0.015688657
0.014962892
0.015470099
0.015164476
0.015029309
0.015486061
0.015713627
0.014873868
0.015352260
0.015591203
0.015382498
0.015805569
0.015824830
0.015166196
0.015075754
0.015025757
0.015157349
0.015115272
0.014958641
0.015125235
0.015638026
0.014899940
0.984718038
0.015770255
0.014862763
0.015572557
0.015709641
0.015633715
0.015532845
0.015319510
0.014917196
0.014925238
0.015699573
0.015280258
0.014892907
0.015383027
0.014942047
0.015359829
0.015143852
0.014962509
0.015674158
0.014869802
0.014906009
0.015015109
0.015141152
0.014855651
0.015161570
0.014915493
0.015724842
0.014961078
0.015232380
0.015269446
0.015317080
0.016206211
0.015174208
0.014934381
0.014979144
0.014981849
0.015760825
0.015876496
0.015386416
0.014945238
0.015339907
0.015375794
0.015438845
0.014975155
0.015446093
0.014910286
0.015322070
0.014871384
0.015324806
0.014859103
0.015602854
0.015746183
0.015604940
0.015337467
0.015661508
0.015619226
0.015618015
0.015203069
0.014932535
0.014983194
0.014905975
0.015487507
0.014976838
0.015244168
0.014996738
0.984729136
0.015045061
0.015277579
0.014994224
0.015037162
0.015542983
0.014945499
0.015149857
0.014968994
0.014949930
0.015335461
0.015048264
0.014938912
0.015031434
0.015369459
0.014913501
0.015489116
0.015274067
0.015776724
0.015609516
0.015892210
0.015959959
0.014831406
0.014916342
0.015097500
0.015168813
0.014994996
0.014891312
0.015027297
0.014960779
0.015484797
0.015862072
0.015099748
0.014921258
0.015465077
0.014901209
0.015698131
0.015659837
0.014986667
0.015029711
0.015053664
0.015154428
0.015076086
0.014827535
0.014861401
0.015324514
0.015416076
0.014923017
0.015334881
0.031966576
0.015112800
0.014921705
0.015820611
0.014997761
0.014996151
0.014901200
0.015497041
0.014872984
0.015184090
0.014985996
0.015053599
0.014982544
0.015391658
0.015049187
0.014986569
0.985080717
0.014974317
0.015013006
0.015821597
0.014997943
0.015727774
0.015411105
0.014929552
0.015799968
0.015957697
0.015300360
0.015875683
0.014942895
0.016000236
0.015078429
0.015496596
0.015145482
0.015378852
0.015353110
0.015148822
0.014908579
0.015490255
0.015523559
0.015319325
0.015912007
0.015833812
0.015624108
0.014892743
0.015618044
0.015120178
0.015499739
0.015545011
0.014932617
0.015838494
0.015334518
0.014917729
0.015299003
0.014975078
0.015611532
0.014908599
0.015759882
0.015667039
0.015095033
0.015081909
0.015254009
0.014904902
0.014930832
0.015331719
0.015327811
0.014962512
0.014921838
0.015270972
0.015672196
0.014963070
0.015110861
0.014990386
0.015258444
0.015428880
0.014896416
0.015387181
0.015649264
0.015717134
0.015276335
0.016443806
0.015760281
0.984027530
0.015265689
0.014890385
0.015424770
0.014856130
0.015534173
0.014961798
0.014975798
0.014959896
0.015623524
0.015061310
0.015507763
0.014924450
0.015065381
0.014887667
0.014992234
0.015468671
0.014893168
0.015010208
0.015051957
0.015276009
0.015010529
0.014904058
0.015420622
0.014971855
0.014984714
0.015894863
0.014876441
0.015496982
0.015479245
0.015338403
0.014907272
0.015505411
0.014981972
0.015174059
0.015550413
0.014946790
0.015112549
0.014899132
0.014960771
0.015546291
0.015649556
0.015233522
0.014844138
0.014895395
0.015604420
0.015468423
0.014857231
0.015228969
0.015665919
0.014885938
0.015016686
0.014965963
0.031079463
0.015653034
0.014996117
0.014969166
0.014981705
0.016205003
0.015446155
0.015319602
0.014886333
0.015468459
0.015030639
0.015153472
0.984074788
0.014972373
0.015272662
0.015051474
0.014917340
0.015235558
0.015647088
0.015400621
0.015048261
0.014895633
0.015200384
0.015175147
0.015232133
0.015169901
0.014877853
0.015079862
0.015646060
0.014979444
0.015491869
0.014854326
0.015017016
0.015232451
0.015110604
0.016239232
0.015082950
0.015288351
0.014910478
0.015404021
0.015465947
0.014875705
0.014958862
0.015200296
0.014918545
0.015191143
0.015135617
0.015439914
0.015690402
0.015542130
0.015080803
0.014969285
0.015016700
0.014918516
0.014973028
0.014969566
0.015212223
0.014870229
0.015239062
0.014983676
0.015540683
0.015681616
0.015832094
0.014854972
0.015433155
0.015473688
0.014927988
0.026847176
0.014970779
0.014914119
0.014980368
0.015095646
0.014906538
0.015455427
0.015045123
0.014972787
0.015076975
0.984705611
0.014932004
0.014927017
0.015089410
0.015765663
0.014984657
0.015418151
0.015720323
0.015003310
0.015259818
0.015356386
0.014969270
0.015110951
0.015745168
0.014914895
0.015110782
0.014927800
0.015966006
0.014968631
0.015781296
0.015015368
0.015281311
0.014850748
0.015151070
0.015218221
0.015720566
0.015395285
0.015007641
0.014848388
0.014958484
0.016319844
0.015188754
0.014886065
0.015101351
0.014992006
0.015556121
0.015764377
0.015061431
0.015186730
0.014885521
0.015229654
0.015633808
0.014938671
0.015032030
0.014946909
0.015275521
0.015396071
0.015918742
0.015556121
0.015507946
0.014905332
0.015115342
0.015458950
0.014893863
0.015374853
0.015105933
0.015023944
0.015522390
0.015459726
0.014984573
0.016070008
0.015097092
0.015019594
0.017745405
0.015004139
0.014997625
0.984661427
0.014874764
0.015710103
0.014924874
0.015989004
0.014908041
0.015278720
0.014865618
0.015084130
0.015147245
0.014888213
0.015259504
0.014889240
0.015336986
0.014890303
0.015544891
0.014907701
0.015400470
0.014927865
0.015063033
0.015178018
0.015212956
0.014967230
0.015076929
0.015433300
0.015707058
0.015270952
0.014896020
0.015994219
0.015284508
0.014909839
0.015162458
0.015042932
0.014923062
0.014967625
0.015626176
0.015182485
0.015389832
0.015061797
0.014925629
0.015057047
0.015019991
0.014975237
0.015461689
0.015884243
0.015429080
0.014909816
0.015365813
0.014918508
0.015959791
0.015542942
0.014899136
0.014873526
0.014887193
0.015536885
0.015360663
0.015363309
0.015814899
0.015243444
0.015102206
0.015665181
0.014911608
0.015073473
0.014916345
0.015186149
0.985016675
0.015715490
0.015332888
0.014977437
0.014886067
0.015526760
0.015673077
0.014888906
0.015454073
0.015368082
0.030161664
0.015914556
0.015394018
0.015023923
0.014965160
0.015712599
0.031032672
0.015618284
0.015051175
0.015292138
0.014954485
0.015394696
0.015269146
0.015554869
0.015692367
0.015194832
0.016397003
0.015409275
0.014973273
0.014943235
0.014919341
0.015562613
0.015628697
0.014902056
0.014858150
0.014915181
0.015198050
0.014887831
0.015250479
0.015012172
0.015280720
0.014996757
0.015421316
0.015754482
0.015323855
0.014969144
0.015976763
0.015617473
0.015802693
0.016355000
0.015795870
0.014975870
0.015103464
0.015515315
0.014911512
0.015630292
0.014876378
0.015520397
0.015203877
0.015081265
0.015586708
0.016684665
0.015409443
0.984965126
0.014984972
0.014992662
0.014999585
0.015072689
0.014899645
0.015667875
0.015667203
0.015584794
0.015332966
0.015014939
0.014984656
0.015031090
0.015093565
0.015013556
0.015182612
0.015004535
0.014966000
0.014873116
0.015040389
0.015157616
0.015441132
0.014976216
0.015313064
0.015295394
0.015815120
0.019516385
0.015582374
0.015042598
0.014990670
0.014920653
0.015020261
0.015309035
0.015524568
0.015410254
0.015774385
0.015072517
0.015302927
0.015117335
0.015085217
0.014998323
0.015010397
0.014975185
0.015272929
0.015853702
0.015622182
0.015736558
0.014895165
0.015383702
0.015217153
0.015182013
0.015222441
0.015497183
0.015013459
0.015533541
0.014854215
0.015099044
0.014993480
0.015957891
0.015558716
0.015740265
0.015643792
0.034760652
0.015828974
0.984481342
0.016555628
0.014970688
0.015088304
0.014927017
0.014935307
0.015571379
0.015002327
0.015052635
0.015509186
0.014928664
0.014941337
0.030755725
0.014980336
0.014908337
0.015624561
0.014953582
0.014887333
0.014914199
0.015659012
0.015021646
0.014964934
0.015217546
0.015067853
0.015210618
0.014933251
0.015013484
0.015431682
0.015030269
0.015088281
0.014958830
0.015569141
0.015426977
0.014956861
0.015137193
0.015412228
0.031297867
0.014900422
0.015189982
0.015140789
0.015570227
0.014872306
0.015296811
0.015088772
0.014924091
0.015850362
0.015145810
0.015135093
0.015573406
0.015691346
0.015804922
0.015272986
0.030511391
0.015402038
0.014996571
0.016025522
0.014969415
0.015607645
0.015151672
0.014968216
0.015105356
0.014947254
0.015096119
0.985045749
0.015334323
0.016100616
0.015123795
0.014999645
0.015228694
0.015627511
0.015013880
0.015005981
0.015180445
0.015988722
0.015048238
0.014973522
0.015283135
0.015704888
0.014946747
0.015087850
0.015605405
0.015991958
0.015434934
0.014942336
0.015054332
0.015746533
0.014874767
0.015661222
0.014911487
0.015742097
0.014985610
0.015836861
0.015005684
0.015076276
0.015801442
0.015553679
0.014906512
0.014872660
0.015983303
0.015288754
0.014937052
0.015031093
0.015382636
0.015998653
0.014886800
0.015072431
0.014879291
0.014956851
0.014986104
0.015026115
0.014863206
0.015461733
0.015164553
0.032242868
0.015154778
0.015472432
0.015087097
0.015640352
0.016719846
0.029851767
0.015046050
0.015014700
0.014995479
0.015240306
0.014842830
0.015338581
0.984261245
0.015045850
0.015126962
0.014901440
0.015017259
0.014844623
0.015552955
0.015543937
0.014974954
0.015698241
0.015485697
0.015358551
0.014880547
0.014895628
0.015515834
0.015002172
0.014876041
0.014891887
0.015062557
0.015298942
0.014940989
0.015724990
0.015582524
0.014992343
0.015371845
0.015318127
0.016034034
0.014964543
0.015074116
0.014967606
0.015436718
0.015179583
0.015016903
0.015620847
0.015196955
0.015062387
0.015170682
0.014911131
0.015713278
0.015280342
0.015265504
0.014980891
0.014869071
0.015155684
0.014977245
0.015314190
0.015624099
0.014941243
0.015345880
0.015007998
0.015625558
0.015009782
0.014842851
0.014928635
0.015116515
0.014901444
0.015482924
0.015023534
0.015159599
0.015686960
0.015500183
0.015717365
0.014896002
0.031004639
0.015100140
0.984943665
0.015223565
0.016273906
0.014879466
0.015495407
0.015579848
0.015606458
0.015019710
0.014992803
0.015312231
0.015094345
0.015552032
0.014927250
0.015630141
0.015148664
0.015954163
0.015469684
0.014872273
0.015333754
0.015135607
0.014915520
0.015525032
0.015516660
0.015465157
0.014926853
0.015053518
0.014934932
0.015833504
0.014862869
0.015289796
0.015218174
0.015054523
0.015226179
0.015763912
0.015417122
0.015247504
0.014925423
0.014973942
0.015253245
0.015378100
0.017679737
0.016986159
0.015032172
0.015819033
0.015818971
0.015367417
0.015896503
0.015363896
0.015021711
0.014938443
0.015484012
0.015069537
0.014925169
0.015352460
0.015004420
0.015303956
0.015102886
0.015018274
0.015021184
0.015478630
0.015293256
0.015894835
0.015322403
0.014900760
0.015089004
0.984803036
0.015412764
0.014888260
0.015083791
0.014923779
0.015621809
0.014939843
0.015603378
0.014871723
0.015432999
0.014873460
0.015354151
0.014983533
0.014865649
0.015457391
0.015952501
0.015965903
0.015626122
0.015552321
0.015273638
0.015134934
0.014962240
0.015897457
0.015512380
0.014937783
0.015358221
0.016023421
0.015198276
0.015019014
0.016084603
0.015018359
0.015079090
0.015321823
0.014939138
0.015513477
0.015837307
0.015371744
0.015607653
0.014918065
0.014868420
0.015260137
0.015490608
0.015071027
0.015499868
0.015056315
0.015025282
0.015328733
0.015943568
0.015400835
0.014979128
0.015123526
0.014993277
0.016379769
0.016298146
0.015114282
0.015464260
0.015481701
0.015066642
0.015874922
0.015275967
0.015366858
0.015113933
0.015684271
0.015324610
0.014987412
0.015044175
0.984453272
0.015578096
0.015665369
0.015337465
0.014998695
0.014940736
0.015246319
0.015757285
0.015162193
0.015915928
0.015513278
0.015650070
0.014972829
0.015077183
0.016192247
0.015625138
0.015242821
0.015945002
0.014969607
0.015254301
0.014864390
0.015742828
0.014925059
0.015219967
0.015241659
0.015004737
0.014936155
0.015849225
0.015463648
0.015545440
0.015876351
0.014973985
0.015344708
0.015135903
0.015569377
0.014916299
0.014921643
0.015629134
0.015181252
0.015635822
0.015479814
0.014870185
0.014867223
0.014885981
0.015577982
0.015635115
0.014863234
0.014953048
0.015892388
0.014870351
0.015083332
0.014949666
0.014944903
0.015349253
0.015098970
0.015056754
0.014899510
0.015737044
0.015527992
0.015242412
0.014940059
0.015010390
0.030354721
0.015986147
0.984534852
0.015000461
0.014955768
0.015119212
0.014952303
0.015051127
0.014874659
0.015416173
0.015363293
0.015053729
0.015282955
0.014943642
0.015239044
0.014865089
0.015261609
0.015816265
0.015463868
0.014985875
0.015621531
0.015267606
0.014920082
0.015498306
0.014973096
0.015794289
0.014974053
0.015481102
0.014962768
0.014907686
0.014873589
0.014850893
0.015470491
0.015617071
0.016905230
0.014948784
0.015621380
0.015085402
0.015430961
0.015257046
0.015503349
0.015234222
0.014987539
0.015546772
0.015481775
0.015663083
0.015660281
0.014897279
0.015188722
0.015428830
0.015145104
0.015459148
0.014968273
0.015364520
0.015519816
0.015200909
0.014893559
0.015485022
0.014986026
0.014974356
0.015043586
0.014956058
0.015371100
0.014876516
0.015408058
0.016011830
0.014884199
0.985015034
0.015858090
0.030379035
0.015182354
0.015056206
0.015381926
0.015425385
0.014946205
0.014895062
0.015368569
0.030506026
0.015334454
0.014919514
0.015057237
0.015612291
0.014882963
0.014986463
0.015420092
0.015700589
0.014968779
0.015289046
0.015614300
0.014862066
0.014862468
0.014903849
0.014871303
0.015428681
0.015522960
0.015530384
0.014950790
0.015040996
0.015579992
0.014900631
0.014980931
0.016179544
0.014881049
0.015344537
0.015183496
0.015739652
0.015078094
0.015260407
0.014939849
0.015197510
0.015167937
0.015570399
0.015631104
0.014877817
0.015314156
0.015118987
0.015535503
0.015334854
0.015600992
0.014852579
0.014944351
0.014981368
0.015876022
0.014833596
0.014891941
0.015513193
0.015002268
0.014951499
0.014882980
0.015379884
0.015671300
0.984302944
0.015768129
0.015093129
0.015033102
0.014995354
0.015416445
0.015243165
0.014911360
0.015570151
0.014927530
0.014956026
0.015339426
0.015850197
0.015267283
0.014928361
0.015061728
0.015209571
0.015986864
0.015821818
0.014865497
0.014887902
0.014943212
0.015584398
0.014902906
0.014922730
0.014875059
0.015327858
0.015551663
0.014897767
0.015142416
0.015130707
0.015097755
0.015008602
0.015434627
0.014882052
0.016052992
0.015171336
0.015049098
0.014992087
0.014989892
0.014912095
0.015543807
0.015721143
0.015503164
0.014885053
0.015235981
0.014894631
0.015672349
0.015432222
0.015552548
0.015615194
0.015010872
0.015633340
0.015353134
0.015585197
0.016050371
0.015190837
0.016289003
0.014902727
0.015106451
0.015002512
0.015137115
0.014989555
0.033999032
0.984817816
0.015180810
0.015504754
0.015657560
0.014907312
0.015548298
0.015552542
0.015610558
0.015800407
0.014955572
0.014942379
0.015150991
0.015659961
0.015623437
0.014916237
0.015112311
0.014915736
0.015410548
0.015520547
0.014941934
0.015267854
0.015556893
0.015562838
0.014996491
0.015223524
0.015239488
0.014972906
0.015345144
0.015743742
0.015053981
0.015879001
0.015886497
0.015430367
0.015075368
0.015200448
0.015307299
0.015431695
0.014868666
0.014906853
0.015158001
0.014864912
0.015083912
0.015570558
0.014901952
0.015441351
0.015102123
0.015107311
0.015564059
0.014894024
0.015084293
0.014944857
0.015743257
0.014964747
0.015082407
0.014936293
0.014958602
0.015432632
0.015803978
0.014978135
0.015120734
0.015199821
0.015530929
0.015699515
0.016174582
0.016067605
0.014876272
0.984786859
0.014856846
0.014849694
0.015563406
0.014926822
0.015599244
0.014879417
0.015308107
0.015489714
0.015643788
0.014945809
0.014917852
0.015216481
0.015290423
0.014961620
0.015708241
0.015144640
0.015684119
0.015254199
0.015166667
0.016018677
0.015376904
0.015087950
0.015250931
0.015207125
0.015128844
0.015710452
0.015008083
0.015397532
0.015857174
0.014929873
0.016259780
0.014998309
0.015555845
0.014850993
0.014987171
0.015035219
0.015623124
0.014902603
0.015734849
0.015703613
0.015664513
0.015020404
0.015754743
0.015927609
0.015532404
0.015827595
0.015498705
0.015001119
0.015096036
0.015063260
0.015333046
0.015201957
0.014866527
0.015303866
0.014963410
0.015239989
0.015000583
0.015421253
0.014957521
0.015600920
0.014992909
0.015003468
0.015264116
0.015371036
0.984386001
0.015044541
0.016022075
0.016305627
0.015396541
0.014935630
0.015278330
0.014985632
0.015395742
0.015606630
0.015592504
0.015022053
0.015227877
0.015337421
0.015543916
0.014844652
0.014913529
0.014865079
0.014999414
0.015976846
0.015324133
0.015212720
0.016187322
0.015790247
0.015542513
0.015186909
0.015283838
0.015097061
0.015148130
0.015060361
0.015348052
0.014857008
0.014842103
0.014966566
0.014892034
0.015657182
0.016085643
0.015305337
0.015043441
0.015171485
0.015694995
0.015457580
0.015149189
0.015080948
0.015145306
0.015463461
0.015350757
0.015022269
0.015147219
0.015029751
0.015167593
0.015128055
0.015139283
0.015121627
0.014883723
0.015101908
0.015253604
0.032175624
0.031861323
0.015251076
0.034328138
0.015046442
0.984580312
0.016176121
0.016019594
0.015141537
0.014984348
0.014990497
0.015128274
0.015704501
0.015009498
0.015086020
0.014939299
0.015018831
0.015144101
0.015690512
0.015147554
0.015123146
0.015522446
0.015055100
0.015281205
0.015124140
0.030696908
0.030994077
0.015720712
0.015754122
0.015640630
0.014874201
0.015062345
0.015051505
0.015625014
0.015012853
0.014861682
0.015163256
0.014885876
0.015371414
0.015249146
0.015530782
0.014934095
0.015371042
0.015440943
0.015584734
0.014992977
0.015777362
0.015370632
0.015253611
0.015006584
0.015149281
0.014997355
0.015643753
0.015578381
0.015092465
0.015025756
0.014832828
0.015519960
0.015099712
0.016989251
0.016295519
0.015057956
0.014906982
0.014993304
0.014933716
0.016033109
0.015179442
0.015039486
0.984727309
0.029928450
0.015432268
0.015768292
0.015378176
0.032325609
0.015570484
0.015495233
0.015305993
0.015029418
0.015691994
0.014883527
0.014923180
0.014964050
0.015037319
0.014946522
0.015685869
0.016845975
0.015791202
0.015525068
0.014969391
0.014902686
0.015059588
0.015137044
0.015313339
0.015306054
0.015325164
0.015514432
0.014954641
0.015372642
0.030530217
0.015185202
0.015024891
0.015152759
0.015643266
0.016431025
0.015465862
0.015158091
0.015032382
0.015160095
0.015060273
0.015203209
0.015056584
0.016432155
0.015035243
0.016200676
0.017519349
0.017044260
0.015488828
0.016524053
0.016179249
0.016525786
0.032773309
0.035680220
0.016688529
0.016708762
0.016707375
0.033271175
0.984918580
0.014952055
0.016330333
0.017087513
0.017094747
0.033367037
0.015201827
0.015120775
0.015171205
0.016312817
0.016677424
0.016546453
0.016628569
0.016619090
0.034978049
0.015183515
0.014966816
0.015433840
0.033870650
0.015050706
0.014989244
0.014988663
0.015075764
0.014881567
0.030465506
0.015299675
0.015355458
0.016036545
0.016297195
0.016266823
0.017043590
0.016900441
0.016387748
0.015145952
0.015130805
0.014903457
0.015418893
0.014998133
0.014966138
0.015120683
0.030154966
0.015514926
0.015175550
0.016905908
0.016513692
0.014929884
0.015038144
0.015056861
0.015329494
0.014914742
0.014852386
0.015258003
0.015483147
0.015694566
0.014909233
0.015793838
0.014896457
0.015478670
0.014931823
0.984470785
0.015617796
0.014857443
0.014856312
0.014888269
0.015186959
0.014887673
0.014916097
0.015657973
0.015645611
0.015529318
0.015460407
0.015753973
0.015356741
0.014901581
0.014986287
0.015572655
0.015321717
0.014915672
0.014918016
0.015620900
0.031419489
0.015386886
0.015431861
0.014966053
0.015183822
0.016815628
0.017509836
0.016590153
0.015080491
0.015212929
0.014884360
0.015238480
0.015893421
0.015413694